     PID,       DATE,    TIME,    ELAPSED,  CPU,  MEM,     RSS,   VSIZE
   14053, 2015-02-24,17:25:34,      00:03, 22.3,  1.3,  216140, 4533352
   14053, 2015-02-24,17:25:34,      00:03, 14.2,  1.3,  216140, 4533352
   14053, 2015-02-24,17:25:34,      00:03, 14.2,  1.3,  216144, 4533352
   14053, 2015-02-24,17:25:34,      00:03, 14.2,  1.3,  216144, 4533352
   14053, 2015-02-24,17:25:34,      00:03, 14.2,  1.3,  216144, 4533352
   14053, 2015-02-24,17:25:34,      00:03,  9.0,  1.3,  216144, 4533352
   14053, 2015-02-24,17:25:34,      00:03,  9.0,  1.3,  216144, 4533352
   14053, 2015-02-24,17:25:34,      00:03,  9.0,  1.3,  216144, 4533352
   14053, 2015-02-24,17:25:34,      00:03,  9.0,  1.3,  216144, 4533352
   14053, 2015-02-24,17:25:34,      00:03,  9.0,  1.3,  216144, 4533352
   14053, 2015-02-24,17:25:34,      00:03,  5.6,  1.3,  216144, 4533352
   14053, 2015-02-24,17:25:34,      00:03,  5.6,  1.3,  216144, 4533352
   14053, 2015-02-24,17:25:34,      00:03,  5.6,  1.3,  216144, 4533352
   14053, 2015-02-24,17:25:34,      00:03,  5.6,  1.3,  216144, 4533352
   14053, 2015-02-24,17:25:34,      00:03,  5.6,  1.3,  216144, 4533352
   14053, 2015-02-24,17:25:34,      00:04,  3.4,  1.3,  216144, 4533352
   14053, 2015-02-24,17:25:35,      00:04,  3.4,  1.3,  216144, 4533352
   14053, 2015-02-24,17:25:35,      00:04,  3.4,  1.3,  216144, 4533352
   14053, 2015-02-24,17:25:35,      00:04,  3.4,  1.3,  216144, 4533352
   14053, 2015-02-24,17:25:35,      00:04,  3.4,  1.3,  216144, 4533352
   14053, 2015-02-24,17:25:35,      00:04,  2.4,  1.3,  216144, 4533352
   14053, 2015-02-24,17:25:35,      00:04,  2.4,  1.3,  216144, 4533352
   14053, 2015-02-24,17:25:35,      00:04,  2.4,  1.3,  216144, 4533352
   14053, 2015-02-24,17:25:35,      00:04,  2.4,  1.3,  216144, 4533352
   14053, 2015-02-24,17:25:35,      00:04,  1.5,  1.3,  216144, 4533352
   14053, 2015-02-24,17:25:35,      00:04,  1.5,  1.3,  216144, 4533352
   14053, 2015-02-24,17:25:35,      00:04,  1.5,  1.3,  216144, 4533352
   14053, 2015-02-24,17:25:35,      00:04,  1.5,  1.3,  216144, 4533352
   14053, 2015-02-24,17:25:35,      00:04,  1.5,  1.3,  216144, 4533352
   14053, 2015-02-24,17:25:35,      00:04,  0.9,  1.3,  216148, 4533352
   14053, 2015-02-24,17:25:35,      00:04,  0.9,  1.3,  216148, 4533352
   14053, 2015-02-24,17:25:35,      00:04,  0.9,  1.3,  216148, 4533352
   14053, 2015-02-24,17:25:35,      00:04,  0.9,  1.3,  216148, 4533352
   14053, 2015-02-24,17:25:35,      00:04,  1.3,  1.3,  216148, 4533352
   14053, 2015-02-24,17:25:35,      00:04,  1.3,  1.3,  216148, 4533352
   14053, 2015-02-24,17:25:35,      00:04,  1.3,  1.3,  216148, 4533352
   14053, 2015-02-24,17:25:35,      00:04,  1.3,  1.3,  216148, 4533352
   14053, 2015-02-24,17:25:35,      00:04,  1.3,  1.3,  216148, 4533352
   14053, 2015-02-24,17:25:35,      00:04,  0.7,  1.3,  216148, 4533352
   14053, 2015-02-24,17:25:35,      00:04,  0.7,  1.3,  216148, 4533352
   14053, 2015-02-24,17:25:35,      00:04,  0.7,  1.3,  216148, 4533352
   14053, 2015-02-24,17:25:35,      00:04,  0.7,  1.3,  216148, 4533352
   14053, 2015-02-24,17:25:35,      00:04,  0.7,  1.3,  216148, 4533352
   14053, 2015-02-24,17:25:35,      00:04,  0.6,  1.3,  216148, 4533352
   14053, 2015-02-24,17:25:35,      00:04,  0.6,  1.3,  216148, 4533352
   14053, 2015-02-24,17:25:35,      00:04,  0.6,  1.3,  216148, 4533352
   14053, 2015-02-24,17:25:35,      00:04,  0.6,  1.3,  216148, 4533352
   14053, 2015-02-24,17:25:35,      00:04,  0.6,  1.3,  216148, 4533352
   14053, 2015-02-24,17:25:35,      00:04,  0.4,  1.3,  216148, 4533352
   14053, 2015-02-24,17:25:35,      00:04,  0.4,  1.3,  216148, 4533352
   14053, 2015-02-24,17:25:35,      00:04,  0.4,  1.3,  216148, 4533352
   14053, 2015-02-24,17:25:35,      00:04,  0.4,  1.3,  216148, 4533352
   14053, 2015-02-24,17:25:35,      00:04,  0.4,  1.3,  216148, 4533352
   14053, 2015-02-24,17:25:36,      00:05,  0.3,  1.3,  216148, 4533352
   14053, 2015-02-24,17:25:36,      00:05,  0.3,  1.3,  216148, 4533352
   14053, 2015-02-24,17:25:36,      00:05,  0.3,  1.3,  216148, 4533352
   14053, 2015-02-24,17:25:36,      00:05,  0.3,  1.3,  216148, 4533352
   14053, 2015-02-24,17:25:36,      00:05,  0.3,  1.3,  216148, 4533352
   14053, 2015-02-24,17:25:36,      00:05,  0.4,  1.3,  216148, 4533352
   14053, 2015-02-24,17:25:36,      00:05,  0.4,  1.3,  216148, 4533352
   14053, 2015-02-24,17:25:36,      00:05,  0.4,  1.3,  216148, 4533352
   14053, 2015-02-24,17:25:36,      00:05,  0.4,  1.3,  216148, 4533352
   14053, 2015-02-24,17:25:36,      00:05,  0.4,  1.3,  216148, 4533352
   14053, 2015-02-24,17:25:36,      00:05,  0.3,  1.3,  216148, 4533352
   14053, 2015-02-24,17:25:36,      00:05,  0.3,  1.3,  216148, 4533352
   14053, 2015-02-24,17:25:36,      00:05,  0.3,  1.3,  216148, 4533352
   14053, 2015-02-24,17:25:36,      00:05,  0.3,  1.3,  216148, 4533352
   14053, 2015-02-24,17:25:36,      00:05,  0.4,  1.3,  216148, 4533352
   14053, 2015-02-24,17:25:36,      00:05,  0.4,  1.3,  216148, 4533352
   14053, 2015-02-24,17:25:36,      00:05,  0.4,  1.3,  216148, 4533352
   14053, 2015-02-24,17:25:36,      00:05,  0.4,  1.3,  216148, 4533352
   14053, 2015-02-24,17:25:36,      00:05,  0.4,  1.3,  216148, 4533352
   14053, 2015-02-24,17:25:36,      00:05,  0.3,  1.3,  216148, 4533352
   14053, 2015-02-24,17:25:36,      00:05,  0.3,  1.3,  216148, 4533352
   14053, 2015-02-24,17:25:36,      00:05,  0.3,  1.3,  216148, 4533352
   14053, 2015-02-24,17:25:36,      00:05,  0.3,  1.3,  216148, 4533352
   14053, 2015-02-24,17:25:36,      00:05,  0.3,  1.3,  216148, 4533352
   14053, 2015-02-24,17:25:36,      00:05,  0.3,  1.3,  216148, 4533352
   14053, 2015-02-24,17:25:36,      00:05,  0.3,  1.3,  216148, 4533352
   14053, 2015-02-24,17:25:36,      00:05,  0.3,  1.3,  216148, 4533352
   14053, 2015-02-24,17:25:36,      00:05,  0.8,  1.3,  216148, 4533352
   14053, 2015-02-24,17:25:36,      00:05,  0.8,  1.3,  216148, 4533352
   14053, 2015-02-24,17:25:36,      00:05,  0.8,  1.3,  216148, 4533352
   14053, 2015-02-24,17:25:36,      00:05,  0.8,  1.3,  216148, 4533352
   14053, 2015-02-24,17:25:36,      00:05,  0.6,  1.3,  216148, 4533352
   14053, 2015-02-24,17:25:36,      00:05,  0.6,  1.3,  216148, 4533352
   14053, 2015-02-24,17:25:36,      00:05,  0.6,  1.3,  216148, 4533352
   14053, 2015-02-24,17:25:36,      00:05,  0.6,  1.3,  216148, 4533352
   14053, 2015-02-24,17:25:36,      00:06,  0.5,  1.3,  216148, 4533352
   14053, 2015-02-24,17:25:37,      00:06,  0.5,  1.3,  216148, 4533352
   14053, 2015-02-24,17:25:37,      00:06,  0.5,  1.3,  216148, 4533352
   14053, 2015-02-24,17:25:37,      00:06,  0.5,  1.3,  216148, 4533352
   14053, 2015-02-24,17:25:37,      00:06,  0.4,  1.3,  216148, 4533352
   14053, 2015-02-24,17:25:37,      00:06,  0.4,  1.3,  216148, 4533352
   14053, 2015-02-24,17:25:37,      00:06,  0.4,  1.3,  216148, 4533352
   14053, 2015-02-24,17:25:37,      00:06,  0.4,  1.3,  216148, 4533352
   14053, 2015-02-24,17:25:37,      00:06,  0.4,  1.3,  216148, 4533352
   14053, 2015-02-24,17:25:37,      00:06,  0.4,  1.3,  216164, 4533352
   14053, 2015-02-24,17:25:37,      00:06,  0.4,  1.3,  216164, 4533352
   14053, 2015-02-24,17:25:37,      00:06,  0.4,  1.3,  216164, 4533352
   14053, 2015-02-24,17:25:37,      00:06,  0.7,  1.3,  216164, 4533352
   14053, 2015-02-24,17:25:37,      00:06,  0.7,  1.3,  216164, 4533352
   14053, 2015-02-24,17:25:37,      00:06,  0.7,  1.3,  216164, 4533352
   14053, 2015-02-24,17:25:37,      00:06,  0.7,  1.3,  216164, 4533352
   14053, 2015-02-24,17:25:37,      00:06,  0.6,  1.3,  216164, 4533352
   14053, 2015-02-24,17:25:37,      00:06,  0.6,  1.3,  216164, 4533352
   14053, 2015-02-24,17:25:37,      00:06,  0.6,  1.3,  216164, 4533352
   14053, 2015-02-24,17:25:37,      00:06,  0.6,  1.3,  216164, 4533352
   14053, 2015-02-24,17:25:37,      00:06,  0.6,  1.3,  216164, 4533352
   14053, 2015-02-24,17:25:37,      00:06,  0.4,  1.3,  216164, 4533352
   14053, 2015-02-24,17:25:37,      00:06,  0.4,  1.3,  216164, 4533352
   14053, 2015-02-24,17:25:37,      00:06,  0.4,  1.3,  216164, 4533352
   14053, 2015-02-24,17:25:37,      00:06,  0.4,  1.3,  216164, 4533352
   14053, 2015-02-24,17:25:37,      00:06,  0.4,  1.3,  216164, 4533352
   14053, 2015-02-24,17:25:37,      00:06,  0.4,  1.3,  216164, 4533352
   14053, 2015-02-24,17:25:37,      00:06,  0.4,  1.3,  216164, 4533352
   14053, 2015-02-24,17:25:37,      00:06,  0.4,  1.3,  216164, 4533352
   14053, 2015-02-24,17:25:37,      00:06,  0.4,  1.3,  216164, 4533352
   14053, 2015-02-24,17:25:37,      00:06,  0.4,  1.3,  216164, 4533352
   14053, 2015-02-24,17:25:37,      00:06,  0.4,  1.3,  216164, 4533352
   14053, 2015-02-24,17:25:37,      00:07,  0.4,  1.3,  216164, 4533352
   14053, 2015-02-24,17:25:38,      00:07,  0.3,  1.3,  216164, 4533352
   14053, 2015-02-24,17:25:38,      00:07,  0.3,  1.3,  216164, 4533352
   14053, 2015-02-24,17:25:38,      00:07,  0.3,  1.3,  216164, 4533352
   14053, 2015-02-24,17:25:38,      00:07,  0.3,  1.3,  216168, 4533352
   14053, 2015-02-24,17:25:38,      00:07,  0.3,  1.3,  216168, 4533352
   14053, 2015-02-24,17:25:38,      00:07,  0.4,  1.3,  216168, 4533352
   14053, 2015-02-24,17:25:38,      00:07,  0.4,  1.3,  216168, 4533352
   14053, 2015-02-24,17:25:38,      00:07,  0.4,  1.3,  216168, 4533352
   14053, 2015-02-24,17:25:38,      00:07,  0.4,  1.3,  216168, 4533352
   14053, 2015-02-24,17:25:38,      00:07,  0.4,  1.3,  216168, 4533352
   14053, 2015-02-24,17:25:38,      00:07,  0.4,  1.3,  216168, 4533352
   14053, 2015-02-24,17:25:38,      00:07,  0.4,  1.3,  216168, 4533352
   14053, 2015-02-24,17:25:38,      00:07,  0.4,  1.3,  216168, 4533352
   14053, 2015-02-24,17:25:38,      00:07,  0.4,  1.3,  216168, 4533352
   14053, 2015-02-24,17:25:38,      00:07,  0.3,  1.3,  216168, 4533352
   14053, 2015-02-24,17:25:38,      00:07,  0.3,  1.3,  216168, 4533352
   14053, 2015-02-24,17:25:38,      00:07,  0.3,  1.3,  216168, 4533352
   14053, 2015-02-24,17:25:38,      00:07,  0.3,  1.3,  216168, 4533352
   14053, 2015-02-24,17:25:38,      00:07,  0.3,  1.3,  216168, 4533352
   14053, 2015-02-24,17:25:38,      00:07,  0.3,  1.3,  216168, 4533352
   14053, 2015-02-24,17:25:38,      00:07,  0.3,  1.3,  216168, 4533352
   14053, 2015-02-24,17:25:38,      00:07,  0.3,  1.3,  216168, 4533352
   14053, 2015-02-24,17:25:38,      00:07,  0.3,  1.3,  216168, 4533352
   14053, 2015-02-24,17:25:38,      00:07,  0.3,  1.3,  216168, 4533352
   14053, 2015-02-24,17:25:38,      00:07,  0.3,  1.3,  216168, 4533352
   14053, 2015-02-24,17:25:38,      00:07,  0.3,  1.3,  216168, 4533352
   14053, 2015-02-24,17:25:38,      00:07,  0.3,  1.3,  216168, 4533352
   14053, 2015-02-24,17:25:38,      00:07,  0.3,  1.3,  216168, 4533352
   14053, 2015-02-24,17:25:38,      00:07,  0.3,  1.3,  216168, 4533352
   14053, 2015-02-24,17:25:38,      00:07,  0.3,  1.3,  216168, 4533352
   14053, 2015-02-24,17:25:38,      00:07,  0.3,  1.3,  216168, 4533352
   14053, 2015-02-24,17:25:38,      00:07,  0.3,  1.3,  216168, 4533352
   14053, 2015-02-24,17:25:38,      00:07,  0.3,  1.3,  216168, 4533352
   14053, 2015-02-24,17:25:38,      00:07,  0.3,  1.3,  216168, 4533352
   14053, 2015-02-24,17:25:38,      00:07,  0.3,  1.3,  216168, 4533352
   14053, 2015-02-24,17:25:38,      00:07,  0.3,  1.3,  216168, 4533352
   14053, 2015-02-24,17:25:38,      00:07,  0.3,  1.3,  216168, 4533352
   14053, 2015-02-24,17:25:38,      00:07,  0.3,  1.3,  216168, 4533352
   14053, 2015-02-24,17:25:38,      00:08,  0.3,  1.3,  216168, 4533352
   14053, 2015-02-24,17:25:39,      00:08,  0.3,  1.3,  216168, 4533352
   14053, 2015-02-24,17:25:39,      00:08,  0.3,  1.3,  216168, 4533352
   14053, 2015-02-24,17:25:39,      00:08,  0.3,  1.3,  216168, 4533352
   14053, 2015-02-24,17:25:39,      00:08,  0.3,  1.3,  216168, 4533352
   14053, 2015-02-24,17:25:39,      00:08,  0.3,  1.3,  216200, 4533352
   14053, 2015-02-24,17:25:39,      00:08,  3.5,  1.3,  216200, 4533352
   14053, 2015-02-24,17:25:39,      00:08,  3.5,  1.3,  216200, 4533352
   14053, 2015-02-24,17:25:39,      00:08,  3.5,  1.3,  216200, 4533352
   14053, 2015-02-24,17:25:39,      00:08,  3.5,  1.3,  216200, 4533352
   14053, 2015-02-24,17:25:39,      00:08,  3.5,  1.3,  216200, 4533352
   14053, 2015-02-24,17:25:39,      00:08,  2.2,  1.3,  216200, 4533352
   14053, 2015-02-24,17:25:39,      00:08,  2.2,  1.3,  216200, 4533352
   14053, 2015-02-24,17:25:39,      00:08,  2.2,  1.3,  216200, 4533352
   14053, 2015-02-24,17:25:39,      00:08,  2.2,  1.3,  216200, 4533352
   14053, 2015-02-24,17:25:39,      00:08,  2.2,  1.3,  216200, 4533352
   14053, 2015-02-24,17:25:39,      00:08,  1.5,  1.3,  216200, 4533352
   14053, 2015-02-24,17:25:39,      00:08,  1.5,  1.3,  216200, 4533352
   14053, 2015-02-24,17:25:39,      00:08,  1.5,  1.3,  216204, 4533352
   14053, 2015-02-24,17:25:39,      00:08,  1.5,  1.3,  216204, 4533352
   14053, 2015-02-24,17:25:39,      00:08,  1.5,  1.3,  216212, 4533352
   14053, 2015-02-24,17:25:39,      00:08,  1.8,  1.3,  216212, 4533352
   14053, 2015-02-24,17:25:39,      00:08,  1.8,  1.3,  216212, 4533352
   14053, 2015-02-24,17:25:39,      00:08,  1.8,  1.3,  216212, 4533352
   14053, 2015-02-24,17:25:39,      00:08,  1.8,  1.3,  216212, 4533352
   14053, 2015-02-24,17:25:39,      00:08,  1.8,  1.3,  216212, 4533352
   14053, 2015-02-24,17:25:39,      00:08,  1.3,  1.3,  216212, 4533352
   14053, 2015-02-24,17:25:39,      00:08,  1.3,  1.3,  216212, 4533352
   14053, 2015-02-24,17:25:39,      00:08,  1.3,  1.3,  216212, 4533352
   14053, 2015-02-24,17:25:39,      00:08,  1.3,  1.3,  216212, 4533352
   14053, 2015-02-24,17:25:39,      00:08,  1.3,  1.3,  216212, 4533352
   14053, 2015-02-24,17:25:39,      00:08,  0.9,  1.3,  216180, 4531780
   14053, 2015-02-24,17:25:39,      00:08,  0.9,  1.3,  216180, 4531780
   14053, 2015-02-24,17:25:39,      00:08,  0.9,  1.3,  216180, 4531780
   14053, 2015-02-24,17:25:39,      00:08,  0.9,  1.3,  216180, 4531780
   14053, 2015-02-24,17:25:39,      00:08,  0.5,  1.3,  216180, 4531780
   14053, 2015-02-24,17:25:39,      00:08,  0.5,  1.3,  216180, 4531780
   14053, 2015-02-24,17:25:39,      00:08,  0.5,  1.3,  216180, 4531780
   14053, 2015-02-24,17:25:39,      00:09,  0.5,  1.3,  216180, 4531780
   14053, 2015-02-24,17:25:40,      00:09,  0.5,  1.3,  216180, 4531780
   14053, 2015-02-24,17:25:40,      00:09,  0.4,  1.3,  216180, 4531780
   14053, 2015-02-24,17:25:40,      00:09,  0.4,  1.3,  216180, 4531780
   14053, 2015-02-24,17:25:40,      00:09,  0.4,  1.3,  216180, 4531780
   14053, 2015-02-24,17:25:40,      00:09,  0.4,  1.3,  216180, 4531780
   14053, 2015-02-24,17:25:40,      00:09,  0.4,  1.3,  216180, 4531780
   14053, 2015-02-24,17:25:40,      00:09,  0.3,  1.3,  216180, 4531780
   14053, 2015-02-24,17:25:40,      00:09,  0.3,  1.3,  216180, 4531780
   14053, 2015-02-24,17:25:40,      00:09,  0.3,  1.3,  216180, 4531780
   14053, 2015-02-24,17:25:40,      00:09,  0.3,  1.3,  216180, 4531780
   14053, 2015-02-24,17:25:40,      00:09,  0.3,  1.3,  216180, 4531780
   14053, 2015-02-24,17:25:40,      00:09,  0.3,  1.3,  216180, 4531780
   14053, 2015-02-24,17:25:40,      00:09,  0.3,  1.3,  216180, 4531780
   14053, 2015-02-24,17:25:40,      00:09,  0.3,  1.3,  216180, 4531780
   14053, 2015-02-24,17:25:40,      00:09,  0.3,  1.3,  216180, 4531780
   14053, 2015-02-24,17:25:40,      00:09,  0.3,  1.3,  216180, 4531780
   14053, 2015-02-24,17:25:40,      00:09,  0.3,  1.3,  216180, 4531780
   14053, 2015-02-24,17:25:40,      00:09,  0.3,  1.3,  216180, 4531780
   14053, 2015-02-24,17:25:40,      00:09,  0.3,  1.3,  216180, 4531780
   14053, 2015-02-24,17:25:40,      00:09,  0.3,  1.3,  216180, 4531780
   14053, 2015-02-24,17:25:40,      00:09,  0.3,  1.3,  216180, 4531780
   14053, 2015-02-24,17:25:40,      00:09,  0.3,  1.3,  216180, 4531780
   14053, 2015-02-24,17:25:40,      00:09,  0.3,  1.3,  216180, 4531780
   14053, 2015-02-24,17:25:40,      00:09,  0.3,  1.3,  216180, 4531780
   14053, 2015-02-24,17:25:40,      00:09,  0.3,  1.3,  216180, 4531780
   14053, 2015-02-24,17:25:40,      00:09,  0.3,  1.3,  216180, 4531780
   14053, 2015-02-24,17:25:40,      00:09,  0.3,  1.3,  216180, 4531780
   14053, 2015-02-24,17:25:40,      00:09,  0.3,  1.3,  216180, 4531780
   14053, 2015-02-24,17:25:40,      00:09,  0.3,  1.3,  216180, 4531780
   14053, 2015-02-24,17:25:40,      00:09,  0.3,  1.3,  216180, 4531780
   14053, 2015-02-24,17:25:40,      00:09,  0.3,  1.3,  216180, 4531780
   14053, 2015-02-24,17:25:40,      00:09,  0.3,  1.3,  216180, 4531780
   14053, 2015-02-24,17:25:40,      00:09,  0.3,  1.3,  216180, 4531780
   14053, 2015-02-24,17:25:40,      00:09,  0.3,  1.3,  216180, 4531780
   14053, 2015-02-24,17:25:40,      00:09,  0.3,  1.3,  216180, 4531780
   14053, 2015-02-24,17:25:40,      00:10,  0.3,  1.3,  216180, 4531780
   14053, 2015-02-24,17:25:41,      00:10,  0.3,  1.3,  216180, 4531780
   14053, 2015-02-24,17:25:41,      00:10,  0.3,  1.3,  216180, 4531780
   14053, 2015-02-24,17:25:41,      00:10,  0.3,  1.3,  216180, 4531780
   14053, 2015-02-24,17:25:41,      00:10,  0.3,  1.3,  216180, 4531780
   14053, 2015-02-24,17:25:41,      00:10,  0.3,  1.3,  216180, 4531780
   14053, 2015-02-24,17:25:41,      00:10,  0.4,  1.3,  216180, 4531780
   14053, 2015-02-24,17:25:41,      00:10,  0.4,  1.3,  216180, 4531780
   14053, 2015-02-24,17:25:41,      00:10,  0.4,  1.3,  216180, 4531780
   14053, 2015-02-24,17:25:41,      00:10,  0.4,  1.3,  216180, 4531780
   14053, 2015-02-24,17:25:41,      00:10,  0.3,  1.3,  216180, 4531780
   14053, 2015-02-24,17:25:41,      00:10,  0.3,  1.3,  216180, 4531780
   14053, 2015-02-24,17:25:41,      00:10,  0.3,  1.3,  216180, 4531780
   14053, 2015-02-24,17:25:41,      00:10,  0.3,  1.3,  216180, 4531780
   14053, 2015-02-24,17:25:41,      00:10,  0.4,  1.3,  216180, 4531780
   14053, 2015-02-24,17:25:41,      00:10,  0.4,  1.3,  216180, 4531780
   14053, 2015-02-24,17:25:41,      00:10,  0.4,  1.3,  216180, 4531780
   14053, 2015-02-24,17:25:41,      00:10,  0.4,  1.3,  216180, 4531780
   14053, 2015-02-24,17:25:41,      00:10,  0.4,  1.3,  216180, 4531780
   14053, 2015-02-24,17:25:41,      00:10,  0.4,  1.3,  216180, 4531780
   14053, 2015-02-24,17:25:41,      00:10,  0.4,  1.3,  216180, 4531780
   14053, 2015-02-24,17:25:41,      00:10,  0.4,  1.3,  216180, 4531780
   14053, 2015-02-24,17:25:41,      00:10,  0.4,  1.3,  216180, 4531780
   14053, 2015-02-24,17:25:41,      00:10,  0.3,  1.3,  216180, 4531780
   14053, 2015-02-24,17:25:41,      00:10,  0.3,  1.3,  216180, 4531780
   14053, 2015-02-24,17:25:41,      00:10,  0.3,  1.3,  216180, 4531780
   14053, 2015-02-24,17:25:41,      00:10,  0.3,  1.3,  216180, 4531780
   14053, 2015-02-24,17:25:41,      00:10,  0.3,  1.3,  216180, 4531780
   14053, 2015-02-24,17:25:41,      00:10,  0.3,  1.3,  216180, 4531780
   14053, 2015-02-24,17:25:41,      00:10,  0.3,  1.3,  216180, 4531780
   14053, 2015-02-24,17:25:41,      00:10,  0.3,  1.3,  216180, 4531780
   14053, 2015-02-24,17:25:41,      00:10,  0.3,  1.3,  216180, 4531780
   14053, 2015-02-24,17:25:41,      00:10,  0.3,  1.3,  216180, 4531780
   14053, 2015-02-24,17:25:41,      00:11,  0.3,  1.3,  216180, 4531780
   14053, 2015-02-24,17:25:42,      00:11,  0.3,  1.3,  216180, 4531780
   14053, 2015-02-24,17:25:42,      00:11,  0.3,  1.3,  216180, 4531780
   14053, 2015-02-24,17:25:42,      00:11,  0.3,  1.3,  216180, 4531780
   14053, 2015-02-24,17:25:42,      00:11,  0.3,  1.3,  216200, 4531780
   14053, 2015-02-24,17:25:42,      00:11,  0.3,  1.3,  216200, 4531780
   14053, 2015-02-24,17:25:42,      00:11,  3.0,  1.3,  216200, 4531780
   14053, 2015-02-24,17:25:42,      00:11,  3.0,  1.3,  216200, 4531780
   14053, 2015-02-24,17:25:42,      00:11,  3.0,  1.3,  216200, 4531780
   14053, 2015-02-24,17:25:42,      00:11,  3.0,  1.3,  216200, 4531780
   14053, 2015-02-24,17:25:42,      00:11,  3.0,  1.3,  216200, 4531780
   14053, 2015-02-24,17:25:42,      00:11,  2.0,  1.3,  216200, 4531780
   14053, 2015-02-24,17:25:42,      00:11,  2.0,  1.3,  216200, 4531780
   14053, 2015-02-24,17:25:42,      00:11,  2.0,  1.3,  216200, 4531780
   14053, 2015-02-24,17:25:42,      00:11,  2.0,  1.3,  216200, 4531780
   14053, 2015-02-24,17:25:42,      00:11,  1.2,  1.3,  216200, 4531780
   14053, 2015-02-24,17:25:42,      00:11,  1.2,  1.3,  216200, 4531780
   14053, 2015-02-24,17:25:42,      00:11,  1.2,  1.3,  216200, 4531780
   14053, 2015-02-24,17:25:42,      00:11,  1.2,  1.3,  216200, 4531780
   14053, 2015-02-24,17:25:42,      00:11,  0.9,  1.3,  216200, 4531780
   14053, 2015-02-24,17:25:42,      00:11,  0.9,  1.3,  216200, 4531780
   14053, 2015-02-24,17:25:42,      00:11,  0.9,  1.3,  216200, 4531780
   14053, 2015-02-24,17:25:42,      00:11,  0.9,  1.3,  216200, 4531780
   14053, 2015-02-24,17:25:42,      00:11,  0.9,  1.3,  216200, 4531780
   14053, 2015-02-24,17:25:42,      00:11,  0.6,  1.3,  216200, 4531780
   14053, 2015-02-24,17:25:42,      00:11,  0.6,  1.3,  216200, 4531780
   14053, 2015-02-24,17:25:42,      00:11,  0.6,  1.3,  216200, 4531780
   14053, 2015-02-24,17:25:42,      00:11,  0.6,  1.3,  216200, 4531780
   14053, 2015-02-24,17:25:42,      00:11,  0.6,  1.3,  216200, 4531780
   14053, 2015-02-24,17:25:42,      00:11,  0.5,  1.3,  216200, 4531780
   14053, 2015-02-24,17:25:42,      00:11,  0.5,  1.3,  216200, 4531780
   14053, 2015-02-24,17:25:42,      00:11,  0.5,  1.3,  216200, 4531780
   14053, 2015-02-24,17:25:42,      00:11,  0.5,  1.3,  216200, 4531780
   14053, 2015-02-24,17:25:42,      00:11,  0.4,  1.3,  216200, 4531780
   14053, 2015-02-24,17:25:42,      00:11,  0.4,  1.3,  216200, 4531780
   14053, 2015-02-24,17:25:42,      00:12,  0.4,  1.3,  216200, 4531780
   14053, 2015-02-24,17:25:43,      00:12,  0.4,  1.3,  216200, 4531780
   14053, 2015-02-24,17:25:43,      00:12,  0.4,  1.3,  216200, 4531780
   14053, 2015-02-24,17:25:43,      00:12,  0.3,  1.3,  216200, 4531780
   14053, 2015-02-24,17:25:43,      00:12,  0.3,  1.3,  216200, 4531780
   14053, 2015-02-24,17:25:43,      00:12,  0.3,  1.3,  216200, 4531780
   14053, 2015-02-24,17:25:43,      00:12,  0.3,  1.3,  216200, 4531780
   14053, 2015-02-24,17:25:43,      00:12,  0.3,  1.3,  216200, 4531780
   14053, 2015-02-24,17:25:43,      00:12,  0.3,  1.3,  216200, 4531780
   14053, 2015-02-24,17:25:43,      00:12,  0.3,  1.3,  216200, 4531780
   14053, 2015-02-24,17:25:43,      00:12,  0.3,  1.3,  216200, 4531780
   14053, 2015-02-24,17:25:43,      00:12,  0.3,  1.3,  216200, 4531780
   14053, 2015-02-24,17:25:43,      00:12,  0.3,  1.3,  216200, 4531780
   14053, 2015-02-24,17:25:43,      00:12,  0.3,  1.3,  216200, 4531780
   14053, 2015-02-24,17:25:43,      00:12,  0.3,  1.3,  216200, 4531780
   14053, 2015-02-24,17:25:43,      00:12,  0.3,  1.3,  216200, 4531780
   14053, 2015-02-24,17:25:43,      00:12,  0.3,  1.3,  216200, 4531780
   14053, 2015-02-24,17:25:43,      00:12,  0.3,  1.3,  216200, 4531780
   14053, 2015-02-24,17:25:43,      00:12,  0.3,  1.3,  216200, 4531780
   14053, 2015-02-24,17:25:43,      00:12,  0.3,  1.3,  216200, 4531780
   14053, 2015-02-24,17:25:43,      00:12,  0.3,  1.3,  216200, 4531780
   14053, 2015-02-24,17:25:43,      00:12,  0.3,  1.3,  216200, 4531780
   14053, 2015-02-24,17:25:43,      00:12,  0.3,  1.3,  216200, 4531780
   14053, 2015-02-24,17:25:43,      00:12,  0.3,  1.3,  216200, 4531780
   14053, 2015-02-24,17:25:43,      00:12,  0.3,  1.3,  216200, 4531780
   14053, 2015-02-24,17:25:43,      00:12,  0.3,  1.3,  216200, 4531780
   14053, 2015-02-24,17:25:43,      00:12,  0.3,  1.3,  216200, 4531780
   14053, 2015-02-24,17:25:43,      00:12,  0.3,  1.3,  216200, 4531780
   14053, 2015-02-24,17:25:43,      00:12,  0.3,  1.3,  216200, 4531780
   14053, 2015-02-24,17:25:43,      00:12,  0.3,  1.3,  216200, 4531780
   14053, 2015-02-24,17:25:43,      00:12,  0.3,  1.3,  216200, 4531780
   14053, 2015-02-24,17:25:43,      00:12,  0.3,  1.3,  216200, 4531780
   14053, 2015-02-24,17:25:43,      00:12,  0.3,  1.3,  216200, 4531780
   14053, 2015-02-24,17:25:43,      00:12,  0.3,  1.3,  216200, 4531780
   14053, 2015-02-24,17:25:43,      00:12,  0.3,  1.3,  216200, 4531780
   14053, 2015-02-24,17:25:43,      00:12,  0.3,  1.3,  216200, 4531780
   14053, 2015-02-24,17:25:43,      00:12,  0.3,  1.3,  216200, 4531780
   14053, 2015-02-24,17:25:43,      00:12,  0.3,  1.3,  216200, 4531780
   14053, 2015-02-24,17:25:43,      00:12,  0.3,  1.3,  216200, 4531780
   14053, 2015-02-24,17:25:44,      00:13,  0.3,  1.3,  216200, 4531780
   14053, 2015-02-24,17:25:44,      00:13,  0.3,  1.3,  216204, 4531780
   14053, 2015-02-24,17:25:44,      00:13,  0.3,  1.3,  216204, 4531780
   14053, 2015-02-24,17:25:44,      00:13,  0.4,  1.3,  216204, 4531780
   14053, 2015-02-24,17:25:44,      00:13,  0.4,  1.3,  216204, 4531780
   14053, 2015-02-24,17:25:44,      00:13,  0.4,  1.3,  216204, 4531780
   14053, 2015-02-24,17:25:44,      00:13,  0.4,  1.3,  216204, 4531780
   14053, 2015-02-24,17:25:44,      00:13,  0.4,  1.3,  216204, 4531780
   14053, 2015-02-24,17:25:44,      00:13,  0.4,  1.3,  216204, 4531780
   14053, 2015-02-24,17:25:44,      00:13,  0.4,  1.3,  216204, 4531780
   14053, 2015-02-24,17:25:44,      00:13,  0.4,  1.3,  216204, 4531780
   14053, 2015-02-24,17:25:44,      00:13,  0.4,  1.3,  216204, 4531780
   14053, 2015-02-24,17:25:44,      00:13,  0.4,  1.3,  216204, 4531780
   14053, 2015-02-24,17:25:44,      00:13,  0.3,  1.3,  216204, 4531780
   14053, 2015-02-24,17:25:44,      00:13,  0.3,  1.3,  216204, 4531780
   14053, 2015-02-24,17:25:44,      00:13,  0.3,  1.3,  216204, 4531780
   14053, 2015-02-24,17:25:44,      00:13,  0.3,  1.3,  216204, 4531780
   14053, 2015-02-24,17:25:44,      00:13,  0.3,  1.3,  216204, 4531780
   14053, 2015-02-24,17:25:44,      00:13,  0.3,  1.3,  216204, 4531780
   14053, 2015-02-24,17:25:44,      00:13,  0.3,  1.3,  216204, 4531780
   14053, 2015-02-24,17:25:44,      00:13,  0.3,  1.3,  216204, 4531780
   14053, 2015-02-24,17:25:44,      00:13,  0.3,  1.3,  216204, 4531780
   14053, 2015-02-24,17:25:44,      00:13,  0.3,  1.3,  216204, 4531780
   14053, 2015-02-24,17:25:44,      00:13,  0.3,  1.3,  216204, 4531780
   14053, 2015-02-24,17:25:44,      00:13,  0.3,  1.3,  216204, 4531780
   14053, 2015-02-24,17:25:44,      00:13,  0.3,  1.3,  216204, 4531780
   14053, 2015-02-24,17:25:44,      00:13,  0.3,  1.3,  216204, 4531780
   14053, 2015-02-24,17:25:44,      00:13,  0.3,  1.3,  216204, 4531780
   14053, 2015-02-24,17:25:44,      00:13,  0.3,  1.3,  216204, 4531780
   14053, 2015-02-24,17:25:44,      00:13,  0.3,  1.3,  216204, 4531780
   14053, 2015-02-24,17:25:44,      00:13,  0.3,  1.3,  216204, 4531780
   14053, 2015-02-24,17:25:44,      00:13,  0.3,  1.3,  216204, 4531780
   14053, 2015-02-24,17:25:44,      00:13,  0.3,  1.3,  216204, 4531780
   14053, 2015-02-24,17:25:44,      00:13,  0.3,  1.3,  216204, 4531780
   14053, 2015-02-24,17:25:44,      00:13,  0.3,  1.3,  216204, 4531780
   14053, 2015-02-24,17:25:44,      00:13,  0.3,  1.3,  216204, 4531780
   14053, 2015-02-24,17:25:44,      00:13,  0.3,  1.3,  216204, 4531780
   14053, 2015-02-24,17:25:44,      00:14,  0.3,  1.3,  216204, 4531780
   14053, 2015-02-24,17:25:45,      00:14,  0.3,  1.3,  216204, 4531780
   14053, 2015-02-24,17:25:45,      00:14,  0.3,  1.3,  216204, 4531780
   14053, 2015-02-24,17:25:45,      00:14,  0.3,  1.3,  216204, 4531780
   14053, 2015-02-24,17:25:45,      00:14,  0.3,  1.3,  216204, 4531780
   14053, 2015-02-24,17:25:45,      00:14,  0.3,  1.3,  216204, 4531780
   14053, 2015-02-24,17:25:45,      00:14,  0.3,  1.3,  216204, 4531780
   14053, 2015-02-24,17:25:45,      00:14,  0.3,  1.3,  216204, 4531780
   14053, 2015-02-24,17:25:45,      00:14,  0.3,  1.3,  216204, 4531780
   14053, 2015-02-24,17:25:45,      00:14,  0.3,  1.3,  216204, 4531780
   14053, 2015-02-24,17:25:45,      00:14,  0.3,  1.3,  216204, 4531780
   14053, 2015-02-24,17:25:45,      00:14,  0.3,  1.3,  216204, 4531780
   14053, 2015-02-24,17:25:45,      00:14,  0.3,  1.3,  216204, 4531780
   14053, 2015-02-24,17:25:45,      00:14,  0.3,  1.3,  216204, 4531780
   14053, 2015-02-24,17:25:45,      00:14,  0.3,  1.3,  216204, 4531780
   14053, 2015-02-24,17:25:45,      00:14,  0.3,  1.3,  216204, 4531780
   14053, 2015-02-24,17:25:45,      00:14,  0.3,  1.3,  216204, 4531780
   14053, 2015-02-24,17:25:45,      00:14,  0.3,  1.3,  216204, 4531780
   14053, 2015-02-24,17:25:45,      00:14,  0.3,  1.3,  216204, 4531780
   14053, 2015-02-24,17:25:45,      00:14,  0.3,  1.3,  216204, 4531780
   14053, 2015-02-24,17:25:45,      00:14,  0.3,  1.3,  216204, 4531780
   14053, 2015-02-24,17:25:45,      00:14,  0.3,  1.3,  216204, 4531780
   14053, 2015-02-24,17:25:45,      00:14,  0.3,  1.3,  216204, 4531780
   14053, 2015-02-24,17:25:45,      00:14,  0.3,  1.3,  216216, 4531780
   14053, 2015-02-24,17:25:45,      00:14,  0.8,  1.3,  216216, 4531780
   14053, 2015-02-24,17:25:45,      00:14,  0.8,  1.3,  216216, 4531780
   14053, 2015-02-24,17:25:45,      00:14,  0.8,  1.3,  216216, 4531780
   14053, 2015-02-24,17:25:45,      00:14,  0.8,  1.3,  216216, 4531780
   14053, 2015-02-24,17:25:45,      00:14,  0.8,  1.3,  216216, 4531780
   14053, 2015-02-24,17:25:45,      00:14,  0.6,  1.3,  216216, 4531780
   14053, 2015-02-24,17:25:45,      00:14,  0.6,  1.3,  216216, 4531780
   14053, 2015-02-24,17:25:45,      00:14,  0.6,  1.3,  216216, 4531780
   14053, 2015-02-24,17:25:45,      00:14,  0.6,  1.3,  216216, 4531780
   14053, 2015-02-24,17:25:45,      00:14,  0.6,  1.3,  216216, 4531780
   14053, 2015-02-24,17:25:45,      00:14,  0.5,  1.3,  216216, 4531780
   14053, 2015-02-24,17:25:45,      00:14,  0.5,  1.3,  216216, 4531780
   14053, 2015-02-24,17:25:45,      00:14,  0.5,  1.3,  216220, 4531780
   14053, 2015-02-24,17:25:45,      00:14,  0.5,  1.3,  216220, 4531780
   14053, 2015-02-24,17:25:45,      00:14,  0.5,  1.3,  216220, 4531780
   14053, 2015-02-24,17:25:45,      00:15,  0.4,  1.3,  216220, 4531780
   14053, 2015-02-24,17:25:46,      00:15,  0.4,  1.3,  216220, 4531780
   14053, 2015-02-24,17:25:46,      00:15,  0.4,  1.3,  216220, 4531780
   14053, 2015-02-24,17:25:46,      00:15,  0.4,  1.3,  216220, 4531780
   14053, 2015-02-24,17:25:46,      00:15,  0.4,  1.3,  216220, 4531780
   14053, 2015-02-24,17:25:46,      00:15,  0.3,  1.3,  216220, 4531780
   14053, 2015-02-24,17:25:46,      00:15,  0.3,  1.3,  216220, 4531780
   14053, 2015-02-24,17:25:46,      00:15,  0.3,  1.3,  216220, 4531780
   14053, 2015-02-24,17:25:46,      00:15,  0.3,  1.3,  216220, 4531780
   14053, 2015-02-24,17:25:46,      00:15,  0.3,  1.3,  216220, 4531780
   14053, 2015-02-24,17:25:46,      00:15,  0.3,  1.3,  216220, 4531780
   14053, 2015-02-24,17:25:46,      00:15,  0.3,  1.3,  216220, 4531780
   14053, 2015-02-24,17:25:46,      00:15,  0.3,  1.3,  216228, 4531780
   14053, 2015-02-24,17:25:46,      00:15,  0.3,  1.3,  216228, 4531780
   14053, 2015-02-24,17:25:46,      00:15,  0.4,  1.3,  216228, 4531780
   14053, 2015-02-24,17:25:46,      00:15,  0.4,  1.3,  216228, 4531780
   14053, 2015-02-24,17:25:46,      00:15,  0.4,  1.3,  216228, 4531780
   14053, 2015-02-24,17:25:46,      00:15,  0.4,  1.3,  216228, 4531780
   14053, 2015-02-24,17:25:46,      00:15,  0.4,  1.3,  216228, 4531780
   14053, 2015-02-24,17:25:46,      00:15,  0.4,  1.3,  216228, 4531780
   14053, 2015-02-24,17:25:46,      00:15,  0.4,  1.3,  216228, 4531780
   14053, 2015-02-24,17:25:46,      00:15,  0.4,  1.3,  216228, 4531780
   14053, 2015-02-24,17:25:46,      00:15,  0.4,  1.3,  216228, 4531780
   14053, 2015-02-24,17:25:46,      00:15,  0.4,  1.3,  216228, 4531780
   14053, 2015-02-24,17:25:46,      00:15,  0.3,  1.3,  216228, 4531780
   14053, 2015-02-24,17:25:46,      00:15,  0.3,  1.3,  216228, 4531780
   14053, 2015-02-24,17:25:46,      00:15,  0.3,  1.3,  216228, 4531780
   14053, 2015-02-24,17:25:46,      00:15,  0.3,  1.3,  216228, 4531780
   14053, 2015-02-24,17:25:46,      00:15,  0.3,  1.3,  216228, 4531780
   14053, 2015-02-24,17:25:46,      00:15,  0.3,  1.3,  216228, 4531780
   14053, 2015-02-24,17:25:46,      00:15,  0.3,  1.3,  216228, 4531780
   14053, 2015-02-24,17:25:46,      00:15,  0.3,  1.3,  216228, 4531780
   14053, 2015-02-24,17:25:46,      00:15,  0.3,  1.3,  216228, 4531780
   14053, 2015-02-24,17:25:46,      00:15,  0.3,  1.3,  216228, 4531780
   14053, 2015-02-24,17:25:46,      00:15,  0.3,  1.3,  216228, 4531780
   14053, 2015-02-24,17:25:46,      00:15,  0.3,  1.3,  216228, 4531780
   14053, 2015-02-24,17:25:46,      00:15,  0.3,  1.3,  216228, 4531780
   14053, 2015-02-24,17:25:46,      00:15,  0.3,  1.3,  216228, 4531780
   14053, 2015-02-24,17:25:46,      00:15,  0.3,  1.3,  216228, 4531780
   14053, 2015-02-24,17:25:46,      00:16,  0.3,  1.3,  216228, 4531780
   14053, 2015-02-24,17:25:47,      00:16,  0.3,  1.3,  216228, 4531780
   14053, 2015-02-24,17:25:47,      00:16,  0.3,  1.3,  216228, 4531780
   14053, 2015-02-24,17:25:47,      00:16,  0.3,  1.3,  216228, 4531780
   14053, 2015-02-24,17:25:47,      00:16,  0.3,  1.3,  216228, 4531780
   14053, 2015-02-24,17:25:47,      00:16,  0.3,  1.3,  216228, 4531780
   14053, 2015-02-24,17:25:47,      00:16,  0.3,  1.3,  216228, 4531780
   14053, 2015-02-24,17:25:47,      00:16,  0.3,  1.3,  216228, 4531780
   14053, 2015-02-24,17:25:47,      00:16,  0.3,  1.3,  216228, 4531780
   14053, 2015-02-24,17:25:47,      00:16,  0.3,  1.3,  216228, 4531780
   14053, 2015-02-24,17:25:47,      00:16,  0.3,  1.3,  216228, 4531780
   14053, 2015-02-24,17:25:47,      00:16,  0.3,  1.3,  216228, 4531780
   14053, 2015-02-24,17:25:47,      00:16,  0.3,  1.3,  216228, 4531780
   14053, 2015-02-24,17:25:47,      00:16,  0.3,  1.3,  216228, 4531780
   14053, 2015-02-24,17:25:47,      00:16,  0.3,  1.3,  216228, 4531780
   14053, 2015-02-24,17:25:47,      00:16,  0.3,  1.3,  216228, 4531780
   14053, 2015-02-24,17:25:47,      00:16,  0.3,  1.3,  216228, 4531780
   14053, 2015-02-24,17:25:47,      00:16,  0.3,  1.3,  216228, 4531780
   14053, 2015-02-24,17:25:47,      00:16,  0.3,  1.3,  216228, 4531780
   14053, 2015-02-24,17:25:47,      00:16,  0.3,  1.3,  216228, 4531780
   14053, 2015-02-24,17:25:47,      00:16,  0.3,  1.3,  216228, 4531780
   14053, 2015-02-24,17:25:47,      00:16,  0.3,  1.3,  216228, 4531780
   14053, 2015-02-24,17:25:47,      00:16,  0.3,  1.3,  216228, 4531780
   14053, 2015-02-24,17:25:47,      00:16,  0.3,  1.3,  216228, 4531780
   14053, 2015-02-24,17:25:47,      00:16,  0.3,  1.3,  216228, 4531780
   14053, 2015-02-24,17:25:47,      00:16,  0.3,  1.3,  216228, 4531780
   14053, 2015-02-24,17:25:47,      00:16,  0.3,  1.3,  216228, 4531780
   14053, 2015-02-24,17:25:47,      00:16,  0.3,  1.3,  216228, 4531780
   14053, 2015-02-24,17:25:47,      00:16,  0.3,  1.3,  216228, 4531780
   14053, 2015-02-24,17:25:47,      00:16,  0.3,  1.3,  216228, 4531780
   14053, 2015-02-24,17:25:47,      00:16,  0.3,  1.3,  216228, 4531780
   14053, 2015-02-24,17:25:47,      00:16,  0.3,  1.3,  216228, 4531780
   14053, 2015-02-24,17:25:47,      00:16,  0.3,  1.3,  216228, 4531780
   14053, 2015-02-24,17:25:47,      00:16,  0.3,  1.3,  216228, 4531780
   14053, 2015-02-24,17:25:47,      00:16,  0.3,  1.3,  216228, 4531780
   14053, 2015-02-24,17:25:47,      00:16,  0.3,  1.3,  216228, 4531780
   14053, 2015-02-24,17:25:47,      00:16,  0.3,  1.3,  216228, 4531780
   14053, 2015-02-24,17:25:47,      00:16,  0.3,  1.3,  216228, 4531780
   14053, 2015-02-24,17:25:47,      00:17,  0.3,  1.3,  216228, 4531780
   14053, 2015-02-24,17:25:48,      00:17,  0.3,  1.3,  216228, 4531780
   14053, 2015-02-24,17:25:48,      00:17,  0.3,  1.3,  216228, 4531780
   14053, 2015-02-24,17:25:48,      00:17,  0.3,  1.3,  216228, 4531780
   14053, 2015-02-24,17:25:48,      00:17,  0.3,  1.3,  216232, 4531780
   14053, 2015-02-24,17:25:48,      00:17,  0.3,  1.3,  216232, 4531780
   14053, 2015-02-24,17:25:48,      00:17,  0.4,  1.3,  216232, 4531780
   14053, 2015-02-24,17:25:48,      00:17,  0.4,  1.3,  216232, 4531780
   14053, 2015-02-24,17:25:48,      00:17,  0.4,  1.3,  216232, 4531780
   14053, 2015-02-24,17:25:48,      00:17,  0.4,  1.3,  216232, 4531780
   14053, 2015-02-24,17:25:48,      00:17,  0.4,  1.3,  216232, 4531780
   14053, 2015-02-24,17:25:48,      00:17,  0.3,  1.3,  216232, 4531780
   14053, 2015-02-24,17:25:48,      00:17,  0.3,  1.3,  216232, 4531780
   14053, 2015-02-24,17:25:48,      00:17,  0.3,  1.3,  216232, 4531780
   14053, 2015-02-24,17:25:48,      00:17,  0.3,  1.3,  216232, 4531780
   14053, 2015-02-24,17:25:48,      00:17,  0.4,  1.3,  216232, 4531780
   14053, 2015-02-24,17:25:48,      00:17,  0.4,  1.3,  216232, 4531780
   14053, 2015-02-24,17:25:48,      00:17,  0.4,  1.3,  216232, 4531780
   14053, 2015-02-24,17:25:48,      00:17,  0.4,  1.3,  216232, 4531780
   14053, 2015-02-24,17:25:48,      00:17,  0.4,  1.3,  216232, 4531780
   14053, 2015-02-24,17:25:48,      00:17,  0.3,  1.3,  216232, 4531780
   14053, 2015-02-24,17:25:48,      00:17,  0.3,  1.3,  216232, 4531780
   14053, 2015-02-24,17:25:48,      00:17,  0.3,  1.3,  216260, 4531780
   14053, 2015-02-24,17:25:48,      00:17,  0.3,  1.3,  217404, 4532804
   14053, 2015-02-24,17:25:48,      00:17,  0.3,  1.3,  219860, 4532804
   14053, 2015-02-24,17:25:48,      00:17, 72.5,  1.3,  222592, 4536268
   14053, 2015-02-24,17:25:48,      00:17, 72.5,  1.3,  223716, 4536656
   14053, 2015-02-24,17:25:48,      00:17, 72.5,  1.4,  231364, 4545620
   14053, 2015-02-24,17:25:48,      00:17,190.9,  1.4,  230720, 4544064
   14053, 2015-02-24,17:25:48,      00:17,190.9,  1.4,  229932, 4541532
   14053, 2015-02-24,17:25:48,      00:17,190.9,  1.4,  230636, 4541532
   14053, 2015-02-24,17:25:48,      00:17,190.9,  1.4,  228968, 4538672
   14053, 2015-02-24,17:25:48,      00:17,208.0,  1.4,  231320, 4540740
   14053, 2015-02-24,17:25:48,      00:17,208.0,  1.4,  232716, 4540740
   14053, 2015-02-24,17:25:48,      00:17,208.0,  1.4,  233212, 4540740
   14053, 2015-02-24,17:25:48,      00:17,208.0,  1.4,  233736, 4540740
   14053, 2015-02-24,17:25:49,      00:18,232.2,  1.4,  234468, 4540740
   14053, 2015-02-24,17:25:49,      00:18,232.2,  1.4,  236004, 4540740
   14053, 2015-02-24,17:25:49,      00:18,232.2,  1.4,  237104, 4545908
   14053, 2015-02-24,17:25:49,      00:18,232.2,  1.4,  237740, 4548992
   14053, 2015-02-24,17:25:49,      00:18,224.9,  1.4,  239212, 4549164
   14053, 2015-02-24,17:25:49,      00:18,224.9,  1.4,  240176, 4547332
   14053, 2015-02-24,17:25:49,      00:18,224.9,  1.5,  244908, 4547332
   14053, 2015-02-24,17:25:49,      00:18,370.8,  1.5,  257884, 4547792
   14053, 2015-02-24,17:25:49,      00:18,370.8,  1.6,  265404, 4552404
   14053, 2015-02-24,17:25:49,      00:18,370.8,  1.6,  275384, 4556644
   14053, 2015-02-24,17:25:49,      00:18,472.2,  1.6,  275592, 4555068
   14053, 2015-02-24,17:25:49,      00:18,472.2,  1.7,  287724, 4557480
   14053, 2015-02-24,17:25:49,      00:18,472.2,  1.9,  312648, 4556364
   14053, 2015-02-24,17:25:49,      00:18,501.4,  1.9,  317208, 4558932
   14053, 2015-02-24,17:25:49,      00:18,501.4,  1.9,  319492, 4560940
   14053, 2015-02-24,17:25:49,      00:18,501.4,  1.9,  317904, 4557836
   14053, 2015-02-24,17:25:49,      00:18,501.4,  1.9,  317692, 4556932
   14053, 2015-02-24,17:25:49,      00:18,517.0,  2.2,  365088, 4556932
   14053, 2015-02-24,17:25:49,      00:18,517.0,  2.2,  365904, 4557532
   14053, 2015-02-24,17:25:49,      00:18,517.0,  2.2,  361220, 4552616
   14053, 2015-02-24,17:25:49,      00:18,525.1,  2.3,  378476, 4551004
   14053, 2015-02-24,17:25:49,      00:18,525.1,  2.5,  414000, 4550280
   14053, 2015-02-24,17:25:49,      00:18,525.1,  2.5,  413428, 4549560
   14053, 2015-02-24,17:25:49,      00:18,544.4,  2.5,  414744, 4550444
   14053, 2015-02-24,17:25:49,      00:18,544.4,  2.8,  465380, 4548012
   14053, 2015-02-24,17:25:49,      00:18,544.4,  2.8,  465388, 4548012
   14053, 2015-02-24,17:25:50,      00:19,544.4,  2.8,  465388, 4548012
   14053, 2015-02-24,17:25:50,      00:19,478.0,  3.1,  521032, 4548012
   14053, 2015-02-24,17:25:50,      00:19,478.0,  3.1,  521076, 4548012
   14053, 2015-02-24,17:25:50,      00:19,478.0,  3.1,  524228, 4548012
   14053, 2015-02-24,17:25:50,      00:19,480.6,  3.1,  524228, 4548012
   14053, 2015-02-24,17:25:50,      00:19,480.6,  3.1,  524244, 4548012
   14053, 2015-02-24,17:25:50,      00:19,480.6,  3.1,  524352, 4548012
   14053, 2015-02-24,17:25:50,      00:19,480.6,  3.1,  524896, 4549048
   14053, 2015-02-24,17:25:50,      00:19,470.9,  3.1,  525112, 4549048
   14053, 2015-02-24,17:25:50,      00:19,470.9,  3.1,  525252, 4549048
   14053, 2015-02-24,17:25:50,      00:19,470.9,  3.2,  544932, 4549048
   14053, 2015-02-24,17:25:50,      00:19,473.0,  3.2,  544968, 4549048
   14053, 2015-02-24,17:25:50,      00:19,473.0,  3.5,  583344, 4549048
   14053, 2015-02-24,17:25:50,      00:19,473.0,  3.5,  590160, 4549048
   14053, 2015-02-24,17:25:50,      00:19,518.1,  3.5,  592952, 4549048
   14053, 2015-02-24,17:25:50,      00:19,518.1,  3.5,  593568, 4549048
   14053, 2015-02-24,17:25:50,      00:19,518.1,  3.5,  593568, 4549048
   14053, 2015-02-24,17:25:50,      00:19,460.9,  3.5,  593568, 4549048
   14053, 2015-02-24,17:25:50,      00:19,460.9,  3.5,  594220, 4549048
   14053, 2015-02-24,17:25:50,      00:19,460.9,  3.5,  594244, 4549048
   14053, 2015-02-24,17:25:50,      00:19,460.9,  3.5,  594308, 4549048
   14053, 2015-02-24,17:25:50,      00:19,391.3,  3.5,  594308, 4549048
   14053, 2015-02-24,17:25:50,      00:19,391.3,  3.5,  594596, 4550084
   14053, 2015-02-24,17:25:50,      00:19,391.3,  3.5,  594896, 4551120
   14053, 2015-02-24,17:25:50,      00:20,386.3,  3.5,  595468, 4552156
   14053, 2015-02-24,17:25:51,      00:20,371.2,  3.5,  595472, 4552156
   14053, 2015-02-24,17:25:51,      00:20,371.2,  3.5,  595484, 4552156
   14053, 2015-02-24,17:25:51,      00:20,371.2,  3.6,  607748, 4552156
   14053, 2015-02-24,17:25:51,      00:20,389.4,  3.8,  632860, 4552156
   14053, 2015-02-24,17:25:51,      00:20,389.4,  3.8,  635884, 4552156
   14053, 2015-02-24,17:25:51,      00:20,389.4,  3.8,  635900, 4552156
   14053, 2015-02-24,17:25:51,      00:20,449.7,  3.8,  636004, 4552156
   14053, 2015-02-24,17:25:51,      00:20,449.7,  3.8,  636060, 4552156
   14053, 2015-02-24,17:25:51,      00:20,449.7,  3.8,  636060, 4552156
   14053, 2015-02-24,17:25:51,      00:20,449.7,  3.8,  636060, 4552156
   14053, 2015-02-24,17:25:51,      00:20,395.9,  3.8,  636076, 4552156
   14053, 2015-02-24,17:25:51,      00:20,395.9,  3.8,  636104, 4552156
   14053, 2015-02-24,17:25:51,      00:20,395.9,  3.8,  636476, 4552156
   14053, 2015-02-24,17:25:51,      00:20,368.0,  3.8,  636476, 4552156
   14053, 2015-02-24,17:25:51,      00:20,368.0,  3.8,  636736, 4552156
   14053, 2015-02-24,17:25:51,      00:20,368.0,  3.8,  636780, 4552156
   14053, 2015-02-24,17:25:51,      00:20,368.0,  3.8,  636820, 4552156
   14053, 2015-02-24,17:25:51,      00:20,364.7,  3.8,  636876, 4552156
   14053, 2015-02-24,17:25:51,      00:20,364.7,  3.8,  636996, 4552156
   14053, 2015-02-24,17:25:51,      00:20,364.7,  3.8,  637212, 4552156
   14053, 2015-02-24,17:25:51,      00:20,389.2,  3.8,  637428, 4552156
   14053, 2015-02-24,17:25:51,      00:20,389.2,  3.8,  637600, 4552156
   14053, 2015-02-24,17:25:51,      00:20,389.2,  3.8,  638820, 4552156
   14053, 2015-02-24,17:25:51,      00:20,423.9,  3.8,  638820, 4552156
   14053, 2015-02-24,17:25:51,      00:20,423.9,  3.8,  638828, 4552156
   14053, 2015-02-24,17:25:51,      00:21,423.9,  3.8,  638828, 4552156
   14053, 2015-02-24,17:25:52,      00:21,426.3,  3.8,  638832, 4552156
   14053, 2015-02-24,17:25:52,      00:21,426.3,  3.8,  639292, 4552156
   14053, 2015-02-24,17:25:52,      00:21,426.3,  3.8,  639536, 4552156
   14053, 2015-02-24,17:25:52,      00:21,426.3,  3.8,  639912, 4552156
   14053, 2015-02-24,17:25:52,      00:21,366.6,  3.8,  640300, 4552156
   14053, 2015-02-24,17:25:52,      00:21,366.6,  3.8,  640408, 4552156
   14053, 2015-02-24,17:25:52,      00:21,366.6,  3.8,  641252, 4552420
   14053, 2015-02-24,17:25:52,      00:21,391.6,  3.8,  644616, 4557000
   14053, 2015-02-24,17:25:52,      00:21,391.6,  3.8,  645576, 4557900
   14053, 2015-02-24,17:25:52,      00:21,391.6,  3.9,  648284, 4561452
   14053, 2015-02-24,17:25:52,      00:21,432.8,  3.9,  647352, 4560280
   14053, 2015-02-24,17:25:52,      00:21,432.8,  3.8,  641768, 4554196
   14053, 2015-02-24,17:25:52,      00:21,435.5,  3.8,  641768, 4554196
   14053, 2015-02-24,17:25:52,      00:21,435.5,  3.8,  641784, 4554196
   14053, 2015-02-24,17:25:52,      00:21,435.5,  3.8,  641780, 4554196
   14053, 2015-02-24,17:25:52,      00:21,440.0,  3.9,  659384, 4554196
   14053, 2015-02-24,17:25:52,      00:21,440.0,  3.9,  659384, 4554196
   14053, 2015-02-24,17:25:52,      00:21,440.0,  3.9,  659428, 4554196
   14053, 2015-02-24,17:25:52,      00:21,463.1,  3.9,  659448, 4554196
   14053, 2015-02-24,17:25:52,      00:21,463.1,  3.9,  659452, 4554196
   14053, 2015-02-24,17:25:52,      00:21,463.1,  3.9,  659452, 4554196
   14053, 2015-02-24,17:25:52,      00:21,463.1,  3.9,  659720, 4554196
   14053, 2015-02-24,17:25:52,      00:21,386.6,  3.9,  659724, 4554196
   14053, 2015-02-24,17:25:52,      00:21,386.6,  3.9,  660028, 4554196
   14053, 2015-02-24,17:25:52,      00:22,386.6,  3.9,  660108, 4554196
   14053, 2015-02-24,17:25:53,      00:22,365.0,  3.9,  660108, 4554196
   14053, 2015-02-24,17:25:53,      00:22,365.0,  3.9,  660332, 4554196
   14053, 2015-02-24,17:25:53,      00:22,365.0,  3.9,  660332, 4554196
   14053, 2015-02-24,17:25:53,      00:22,365.0,  3.9,  660332, 4554196
   14053, 2015-02-24,17:25:53,      00:22,332.0,  3.9,  660400, 4554196
   14053, 2015-02-24,17:25:53,      00:22,332.0,  3.9,  660444, 4554196
   14053, 2015-02-24,17:25:53,      00:22,332.0,  3.9,  660492, 4554196
   14053, 2015-02-24,17:25:53,      00:22,336.4,  3.9,  660492, 4554196
   14053, 2015-02-24,17:25:53,      00:22,336.4,  3.9,  660492, 4554196
   14053, 2015-02-24,17:25:53,      00:22,391.9,  3.9,  661700, 4554196
   14053, 2015-02-24,17:25:53,      00:22,391.9,  3.9,  661700, 4554196
   14053, 2015-02-24,17:25:53,      00:22,391.9,  3.9,  661736, 4554196
   14053, 2015-02-24,17:25:53,      00:22,422.8,  3.9,  661736, 4554196
   14053, 2015-02-24,17:25:53,      00:22,422.8,  3.9,  661848, 4554196
   14053, 2015-02-24,17:25:53,      00:22,422.8,  3.9,  661856, 4554196
   14053, 2015-02-24,17:25:53,      00:22,422.8,  3.9,  661880, 4554196
   14053, 2015-02-24,17:25:53,      00:22,370.5,  3.9,  661880, 4554196
   14053, 2015-02-24,17:25:53,      00:22,370.5,  3.9,  661944, 4554196
   14053, 2015-02-24,17:25:53,      00:22,370.5,  3.9,  661948, 4554196
   14053, 2015-02-24,17:25:53,      00:22,370.5,  3.9,  662028, 4554196
   14053, 2015-02-24,17:25:53,      00:22,358.9,  3.9,  662028, 4554196
   14053, 2015-02-24,17:25:53,      00:22,358.9,  3.9,  662036, 4554196
   14053, 2015-02-24,17:25:53,      00:22,358.9,  3.9,  662160, 4554196
   14053, 2015-02-24,17:25:53,      00:22,330.9,  3.9,  662184, 4554196
   14053, 2015-02-24,17:25:53,      00:23,330.9,  3.9,  662184, 4554196
   14053, 2015-02-24,17:25:54,      00:23,330.9,  3.9,  662184, 4554196
   14053, 2015-02-24,17:25:54,      00:23,336.2,  3.9,  662184, 4554196
   14053, 2015-02-24,17:25:54,      00:23,336.2,  4.0,  666828, 4554196
   14053, 2015-02-24,17:25:54,      00:23,429.1,  4.0,  666828, 4554196
   14053, 2015-02-24,17:25:54,      00:23,429.1,  4.0,  666828, 4554196
   14053, 2015-02-24,17:25:54,      00:23,429.1,  4.0,  666836, 4554196
   14053, 2015-02-24,17:25:54,      00:23,429.1,  4.0,  666836, 4554196
   14053, 2015-02-24,17:25:54,      00:23,415.2,  4.0,  666776, 4553160
   14053, 2015-02-24,17:25:54,      00:23,415.2,  4.0,  666992, 4553160
   14053, 2015-02-24,17:25:54,      00:23,415.2,  4.0,  667428, 4553160
   14053, 2015-02-24,17:25:54,      00:23,402.6,  4.0,  667432, 4553160
   14053, 2015-02-24,17:25:54,      00:23,402.6,  4.0,  667432, 4553160
   14053, 2015-02-24,17:25:54,      00:23,402.6,  4.0,  667432, 4553160
   14053, 2015-02-24,17:25:54,      00:23,386.8,  4.0,  667432, 4553160
   14053, 2015-02-24,17:25:54,      00:23,386.8,  4.0,  667432, 4553160
   14053, 2015-02-24,17:25:54,      00:23,386.8,  4.0,  667440, 4553160
   14053, 2015-02-24,17:25:54,      00:23,346.9,  4.0,  667440, 4553160
   14053, 2015-02-24,17:25:54,      00:23,346.9,  4.0,  667444, 4553160
   14053, 2015-02-24,17:25:54,      00:23,346.9,  4.0,  667444, 4553160
   14053, 2015-02-24,17:25:54,      00:23,356.0,  4.0,  667448, 4553160
   14053, 2015-02-24,17:25:54,      00:23,356.0,  4.0,  667868, 4553160
   14053, 2015-02-24,17:25:54,      00:23,419.6,  4.0,  667896, 4553160
   14053, 2015-02-24,17:25:54,      00:23,419.6,  4.0,  667896, 4553160
   14053, 2015-02-24,17:25:54,      00:23,419.6,  4.0,  667896, 4553160
   14053, 2015-02-24,17:25:54,      00:24,419.6,  4.0,  667896, 4553160
   14053, 2015-02-24,17:25:55,      00:24,397.0,  4.0,  667896, 4553160
   14053, 2015-02-24,17:25:55,      00:24,397.0,  4.0,  668068, 4553160
   14053, 2015-02-24,17:25:55,      00:24,397.0,  4.0,  668064, 4553160
   14053, 2015-02-24,17:25:55,      00:24,397.0,  4.0,  668064, 4553160
   14053, 2015-02-24,17:25:55,      00:24,388.1,  4.0,  668340, 4553160
   14053, 2015-02-24,17:25:55,      00:24,388.1,  4.0,  668356, 4553160
   14053, 2015-02-24,17:25:55,      00:24,388.1,  4.0,  668356, 4553160
   14053, 2015-02-24,17:25:55,      00:24,373.7,  4.0,  668368, 4553160
   14053, 2015-02-24,17:25:55,      00:24,373.7,  4.0,  668368, 4553160
   14053, 2015-02-24,17:25:55,      00:24,373.7,  4.0,  668376, 4553160
   14053, 2015-02-24,17:25:55,      00:24,360.2,  4.0,  668396, 4553160
   14053, 2015-02-24,17:25:55,      00:24,360.2,  4.0,  668440, 4553160
   14053, 2015-02-24,17:25:55,      00:24,360.2,  4.0,  668468, 4553160
   14053, 2015-02-24,17:25:55,      00:24,360.2,  4.0,  671224, 4553160
   14053, 2015-02-24,17:25:55,      00:24,367.4,  4.0,  671372, 4553160
   14053, 2015-02-24,17:25:55,      00:24,367.4,  4.0,  671372, 4553160
   14053, 2015-02-24,17:25:55,      00:24,367.4,  4.0,  671384, 4553160
   14053, 2015-02-24,17:25:55,      00:24,420.3,  4.0,  671384, 4553160
   14053, 2015-02-24,17:25:55,      00:24,420.3,  4.0,  671388, 4553160
   14053, 2015-02-24,17:25:55,      00:24,420.3,  4.0,  671388, 4553160
   14053, 2015-02-24,17:25:55,      00:24,420.3,  4.0,  671388, 4553160
   14053, 2015-02-24,17:25:55,      00:24,357.1,  4.0,  671388, 4553160
   14053, 2015-02-24,17:25:55,      00:24,357.1,  4.0,  671384, 4553160
   14053, 2015-02-24,17:25:55,      00:24,357.1,  4.0,  671388, 4553160
   14053, 2015-02-24,17:25:55,      00:24,355.1,  4.0,  671388, 4553160
   14053, 2015-02-24,17:25:55,      00:24,355.1,  4.0,  671384, 4553160
   14053, 2015-02-24,17:25:55,      00:25,355.1,  4.0,  671392, 4553160
   14053, 2015-02-24,17:25:56,      00:25,355.1,  4.0,  671392, 4553160
   14053, 2015-02-24,17:25:56,      00:25,333.2,  4.0,  671392, 4553160
   14053, 2015-02-24,17:25:56,      00:25,333.2,  4.0,  671412, 4553160
   14053, 2015-02-24,17:25:56,      00:25,333.2,  4.0,  671432, 4553160
   14053, 2015-02-24,17:25:56,      00:25,330.5,  4.0,  671436, 4553160
   14053, 2015-02-24,17:25:56,      00:25,330.5,  4.0,  671432, 4553160
   14053, 2015-02-24,17:25:56,      00:25,330.5,  4.0,  671432, 4553160
   14053, 2015-02-24,17:25:56,      00:25,352.6,  4.0,  671436, 4553160
   14053, 2015-02-24,17:25:56,      00:25,352.6,  4.1,  683148, 4553160
   14053, 2015-02-24,17:25:56,      00:25,408.4,  4.1,  683300, 4553160
   14053, 2015-02-24,17:25:56,      00:25,408.4,  4.1,  683300, 4553160
   14053, 2015-02-24,17:25:56,      00:25,408.4,  4.1,  683324, 4553160
   14053, 2015-02-24,17:25:56,      00:25,408.4,  4.1,  683324, 4553160
   14053, 2015-02-24,17:25:56,      00:25,407.8,  4.1,  683332, 4553160
   14053, 2015-02-24,17:25:56,      00:25,407.8,  4.1,  683328, 4553160
   14053, 2015-02-24,17:25:56,      00:25,407.8,  4.1,  683364, 4553160
   14053, 2015-02-24,17:25:56,      00:25,407.8,  4.1,  683368, 4553160
   14053, 2015-02-24,17:25:56,      00:25,355.3,  4.1,  683432, 4553160
   14053, 2015-02-24,17:25:56,      00:25,355.3,  4.1,  683432, 4553160
   14053, 2015-02-24,17:25:56,      00:25,355.3,  4.1,  683432, 4553160
   14053, 2015-02-24,17:25:56,      00:25,342.7,  4.1,  683444, 4553160
   14053, 2015-02-24,17:25:56,      00:25,342.7,  4.1,  683444, 4553160
   14053, 2015-02-24,17:25:56,      00:25,342.7,  4.1,  683444, 4553160
   14053, 2015-02-24,17:25:56,      00:25,315.9,  4.1,  683472, 4553160
   14053, 2015-02-24,17:25:56,      00:25,315.9,  4.1,  683472, 4553160
   14053, 2015-02-24,17:25:57,      00:26,315.9,  4.1,  683472, 4553160
   14053, 2015-02-24,17:25:57,      00:26,325.4,  4.1,  683588, 4553160
   14053, 2015-02-24,17:25:57,      00:26,325.4,  4.1,  683588, 4553160
   14053, 2015-02-24,17:25:57,      00:26,325.4,  4.1,  683588, 4553160
   14053, 2015-02-24,17:25:57,      00:26,423.4,  4.1,  683588, 4553160
   14053, 2015-02-24,17:25:57,      00:26,423.4,  4.1,  683592, 4553160
   14053, 2015-02-24,17:25:57,      00:26,423.4,  4.1,  683592, 4553160
   14053, 2015-02-24,17:25:57,      00:26,380.4,  4.1,  683592, 4553160
   14053, 2015-02-24,17:25:57,      00:26,380.4,  4.1,  683592, 4553160
   14053, 2015-02-24,17:25:57,      00:26,380.4,  4.1,  683588, 4553160
   14053, 2015-02-24,17:25:57,      00:26,380.4,  4.1,  683592, 4553160
   14053, 2015-02-24,17:25:57,      00:26,348.5,  4.1,  683592, 4553160
   14053, 2015-02-24,17:25:57,      00:26,348.5,  4.1,  683588, 4553160
   14053, 2015-02-24,17:25:57,      00:26,348.5,  4.1,  683592, 4553160
   14053, 2015-02-24,17:25:57,      00:26,334.1,  4.1,  683592, 4553160
   14053, 2015-02-24,17:25:57,      00:26,334.1,  4.1,  683596, 4553160
   14053, 2015-02-24,17:25:57,      00:26,334.1,  4.1,  683596, 4553160
   14053, 2015-02-24,17:25:57,      00:26,316.2,  4.1,  683604, 4553160
   14053, 2015-02-24,17:25:57,      00:26,316.2,  4.1,  683604, 4553160
   14053, 2015-02-24,17:25:57,      00:26,316.2,  4.1,  683600, 4553160
   14053, 2015-02-24,17:25:57,      00:26,316.2,  4.1,  683600, 4553160
   14053, 2015-02-24,17:25:57,      00:26,342.6,  4.1,  683604, 4553160
   14053, 2015-02-24,17:25:57,      00:26,342.6,  4.1,  683600, 4553160
   14053, 2015-02-24,17:25:57,      00:26,342.6,  4.1,  683600, 4553160
   14053, 2015-02-24,17:25:57,      00:26,418.3,  4.1,  683600, 4553160
   14053, 2015-02-24,17:25:57,      00:26,418.3,  4.1,  683600, 4553160
   14053, 2015-02-24,17:25:57,      00:27,418.3,  4.1,  683600, 4553160
   14053, 2015-02-24,17:25:58,      00:27,418.3,  4.1,  683604, 4553160
   14053, 2015-02-24,17:25:58,      00:27,381.0,  4.1,  683604, 4553160
   14053, 2015-02-24,17:25:58,      00:27,381.0,  4.1,  683600, 4553160
   14053, 2015-02-24,17:25:58,      00:27,381.0,  4.1,  683604, 4553160
   14053, 2015-02-24,17:25:58,      00:27,381.0,  4.1,  683604, 4553160
   14053, 2015-02-24,17:25:58,      00:27,373.4,  4.1,  683604, 4553160
   14053, 2015-02-24,17:25:58,      00:27,373.4,  4.1,  683604, 4553160
   14053, 2015-02-24,17:25:58,      00:27,373.4,  4.1,  683604, 4553160
   14053, 2015-02-24,17:25:58,      00:27,352.2,  4.1,  683604, 4553160
   14053, 2015-02-24,17:25:58,      00:27,352.2,  4.1,  683608, 4553160
   14053, 2015-02-24,17:25:58,      00:27,352.2,  4.1,  683612, 4553160
   14053, 2015-02-24,17:25:58,      00:27,317.4,  4.1,  683612, 4553160
   14053, 2015-02-24,17:25:58,      00:27,317.4,  4.1,  683628, 4553160
   14053, 2015-02-24,17:25:58,      00:27,317.4,  4.1,  683628, 4553160
   14053, 2015-02-24,17:25:58,      00:27,331.1,  4.1,  683628, 4553160
   14053, 2015-02-24,17:25:58,      00:27,331.1,  4.1,  683628, 4553160
   14053, 2015-02-24,17:25:58,      00:27,331.1,  4.1,  683628, 4553160
   14053, 2015-02-24,17:25:58,      00:27,331.1,  4.1,  683628, 4553160
   14053, 2015-02-24,17:25:58,      00:27,427.7,  4.1,  683628, 4553160
   14053, 2015-02-24,17:25:58,      00:27,427.7,  4.1,  683632, 4553160
   14053, 2015-02-24,17:25:58,      00:27,427.7,  4.1,  683632, 4553160
   14053, 2015-02-24,17:25:58,      00:27,375.8,  4.1,  683628, 4553160
   14053, 2015-02-24,17:25:58,      00:27,375.8,  4.1,  683632, 4553160
   14053, 2015-02-24,17:25:58,      00:27,375.8,  4.1,  683632, 4553160
   14053, 2015-02-24,17:25:58,      00:27,375.8,  4.1,  683628, 4553160
   14053, 2015-02-24,17:25:58,      00:27,374.4,  4.1,  683636, 4553160
   14053, 2015-02-24,17:25:58,      00:27,374.4,  4.1,  683636, 4553160
   14053, 2015-02-24,17:25:59,      00:28,374.4,  4.1,  683636, 4553160
   14053, 2015-02-24,17:25:59,      00:28,323.5,  4.1,  683640, 4553160
   14053, 2015-02-24,17:25:59,      00:28,323.5,  4.1,  683640, 4553160
   14053, 2015-02-24,17:25:59,      00:28,323.5,  4.1,  683636, 4553160
   14053, 2015-02-24,17:25:59,      00:28,323.5,  4.1,  683692, 4553160
   14053, 2015-02-24,17:25:59,      00:28,303.4,  4.1,  683748, 4553160
   14053, 2015-02-24,17:25:59,      00:28,303.4,  4.1,  686340, 4555272
   14053, 2015-02-24,17:25:59,      00:28,303.4,  4.1,  686340, 4555272
   14053, 2015-02-24,17:25:59,      00:28,345.0,  4.1,  686340, 4555272
   14053, 2015-02-24,17:25:59,      00:28,345.0,  4.1,  688136, 4556816
   14053, 2015-02-24,17:25:59,      00:28,345.0,  4.1,  689404, 4557284
   14053, 2015-02-24,17:25:59,      00:28,414.8,  4.1,  689404, 4557284
   14053, 2015-02-24,17:25:59,      00:28,414.8,  4.1,  689444, 4557284
   14053, 2015-02-24,17:25:59,      00:28,414.8,  4.1,  689456, 4557284
   14053, 2015-02-24,17:25:59,      00:28,423.2,  4.1,  689456, 4557284
   14053, 2015-02-24,17:25:59,      00:28,423.2,  4.1,  695272, 4563200
   14053, 2015-02-24,17:25:59,      00:28,423.2,  4.1,  694936, 4562860
   14053, 2015-02-24,17:25:59,      00:28,423.2,  4.1,  687916, 4556880
   14053, 2015-02-24,17:25:59,      00:28,436.1,  4.1,  688620, 4557384
   14053, 2015-02-24,17:25:59,      00:28,436.1,  4.1,  689248, 4558008
   14053, 2015-02-24,17:25:59,      00:28,436.1,  4.1,  689312, 4558008
   14053, 2015-02-24,17:25:59,      00:28,414.9,  4.1,  690260, 4558820
   14053, 2015-02-24,17:25:59,      00:28,414.9,  4.1,  690308, 4558820
   14053, 2015-02-24,17:25:59,      00:28,414.9,  4.1,  691480, 4559876
   14053, 2015-02-24,17:25:59,      00:28,414.9,  4.1,  692452, 4561636
   14053, 2015-02-24,17:25:59,      00:28,403.3,  4.1,  692844, 4561636
   14053, 2015-02-24,17:25:59,      00:28,403.3,  4.1,  693080, 4561636
   14053, 2015-02-24,17:25:59,      00:29,403.3,  4.1,  689224, 4557200
   14053, 2015-02-24,17:26:00,      00:29,425.0,  4.1,  689232, 4557200
   14053, 2015-02-24,17:26:00,      00:29,425.0,  4.1,  689232, 4557200
   14053, 2015-02-24,17:26:00,      00:29,425.0,  4.1,  689232, 4557200
   14053, 2015-02-24,17:26:00,      00:29,464.6,  4.1,  689232, 4557200
   14053, 2015-02-24,17:26:00,      00:29,464.6,  4.1,  689236, 4557200
   14053, 2015-02-24,17:26:00,      00:29,464.6,  4.1,  689236, 4557200
   14053, 2015-02-24,17:26:00,      00:29,464.6,  4.1,  689388, 4557200
   14053, 2015-02-24,17:26:00,      00:29,414.0,  4.1,  689404, 4557200
   14053, 2015-02-24,17:26:00,      00:29,414.0,  4.1,  689408, 4557200
   14053, 2015-02-24,17:26:00,      00:29,414.0,  4.1,  689408, 4557200
   14053, 2015-02-24,17:26:00,      00:29,407.7,  4.1,  689408, 4557200
   14053, 2015-02-24,17:26:00,      00:29,407.7,  4.1,  689412, 4557200
   14053, 2015-02-24,17:26:00,      00:29,407.7,  4.1,  689416, 4557200
   14053, 2015-02-24,17:26:00,      00:29,407.7,  4.1,  689416, 4557200
   14053, 2015-02-24,17:26:00,      00:29,372.7,  4.1,  689444, 4557200
   14053, 2015-02-24,17:26:00,      00:29,372.7,  4.1,  689444, 4557200
   14053, 2015-02-24,17:26:00,      00:29,372.7,  4.1,  689440, 4557200
   14053, 2015-02-24,17:26:00,      00:29,417.2,  4.1,  689440, 4557200
   14053, 2015-02-24,17:26:00,      00:29,417.2,  4.1,  689440, 4557200
   14053, 2015-02-24,17:26:00,      00:29,417.2,  4.1,  689440, 4557200
   14053, 2015-02-24,17:26:00,      00:29,417.2,  4.1,  689440, 4557200
   14053, 2015-02-24,17:26:00,      00:29,444.6,  4.1,  689440, 4557200
   14053, 2015-02-24,17:26:00,      00:29,444.6,  4.1,  689460, 4557200
   14053, 2015-02-24,17:26:00,      00:29,444.6,  4.1,  689460, 4557200
   14053, 2015-02-24,17:26:00,      00:29,444.6,  4.1,  689488, 4557200
   14053, 2015-02-24,17:26:00,      00:29,398.6,  4.1,  689500, 4557200
   14053, 2015-02-24,17:26:00,      00:30,398.6,  4.1,  689504, 4557200
   14053, 2015-02-24,17:26:01,      00:30,398.6,  4.1,  689504, 4557200
   14053, 2015-02-24,17:26:01,      00:30,407.0,  4.1,  689520, 4557200
   14053, 2015-02-24,17:26:01,      00:30,407.0,  4.1,  689548, 4557200
   14053, 2015-02-24,17:26:01,      00:30,407.0,  4.1,  689552, 4557200
   14053, 2015-02-24,17:26:01,      00:30,423.7,  4.1,  689592, 4557200
   14053, 2015-02-24,17:26:01,      00:30,423.7,  4.1,  689936, 4557200
   14053, 2015-02-24,17:26:01,      00:30,423.7,  4.1,  690584, 4557940
   14053, 2015-02-24,17:26:01,      00:30,459.1,  4.1,  690588, 4557940
   14053, 2015-02-24,17:26:01,      00:30,459.1,  4.1,  690588, 4557940
   14053, 2015-02-24,17:26:01,      00:30,459.1,  4.1,  690592, 4557940
   14053, 2015-02-24,17:26:01,      00:30,483.3,  4.1,  691968, 4559128
   14053, 2015-02-24,17:26:01,      00:30,483.3,  4.1,  692000, 4559128
   14053, 2015-02-24,17:26:01,      00:30,498.3,  4.1,  692032, 4559128
   14053, 2015-02-24,17:26:01,      00:30,498.3,  4.1,  692040, 4559128
   14053, 2015-02-24,17:26:01,      00:30,498.3,  4.1,  692120, 4559128
   14053, 2015-02-24,17:26:01,      00:30,494.9,  4.1,  692132, 4559128
   14053, 2015-02-24,17:26:01,      00:30,494.9,  4.1,  692296, 4559292
   14053, 2015-02-24,17:26:01,      00:30,494.9,  4.1,  692320, 4559292
   14053, 2015-02-24,17:26:01,      00:30,486.1,  4.1,  691304, 4558444
   14053, 2015-02-24,17:26:01,      00:30,486.1,  4.1,  691500, 4557852
   14053, 2015-02-24,17:26:01,      00:30,486.1,  4.1,  693444, 4559688
   14053, 2015-02-24,17:26:01,      00:30,494.5,  4.1,  695980, 4561364
   14053, 2015-02-24,17:26:01,      00:30,494.5,  4.2,  696436, 4562004
   14053, 2015-02-24,17:26:02,      00:31,494.5,  4.2,  696500, 4562004
   14053, 2015-02-24,17:26:02,      00:31,469.1,  4.2,  698744, 4564436
   14053, 2015-02-24,17:26:02,      00:31,469.1,  4.2,  700828, 4566460
   14053, 2015-02-24,17:26:02,      00:31,469.1,  4.1,  690572, 4557016
   14053, 2015-02-24,17:26:02,      00:31,469.1,  4.1,  691016, 4558420
   14053, 2015-02-24,17:26:02,      00:31,472.1,  4.1,  691816, 4559004
   14053, 2015-02-24,17:26:02,      00:31,472.1,  4.1,  691816, 4559004
   14053, 2015-02-24,17:26:02,      00:31,472.1,  4.1,  693728, 4560920
   14053, 2015-02-24,17:26:02,      00:31,476.8,  4.1,  695176, 4562364
   14053, 2015-02-24,17:26:02,      00:31,476.8,  4.1,  695172, 4562364
   14053, 2015-02-24,17:26:02,      00:31,476.8,  4.2,  696692, 4563772
   14053, 2015-02-24,17:26:02,      00:31,459.0,  4.2,  696752, 4563772
   14053, 2015-02-24,17:26:02,      00:31,459.0,  4.2,  699824, 4565344
   14053, 2015-02-24,17:26:02,      00:31,459.0,  4.2,  701692, 4565344
   14053, 2015-02-24,17:26:02,      00:31,491.5,  4.2,  702040, 4565652
   14053, 2015-02-24,17:26:02,      00:31,491.5,  4.1,  691312, 4554608
   14053, 2015-02-24,17:26:02,      00:31,491.5,  4.1,  691312, 4554608
   14053, 2015-02-24,17:26:02,      00:31,477.9,  4.1,  691312, 4554608
   14053, 2015-02-24,17:26:02,      00:31,477.9,  4.1,  691312, 4554608
   14053, 2015-02-24,17:26:02,      00:31,477.9,  4.1,  691328, 4554608
   14053, 2015-02-24,17:26:02,      00:31,457.5,  4.1,  691372, 4554608
   14053, 2015-02-24,17:26:02,      00:31,457.5,  4.1,  691396, 4554608
   14053, 2015-02-24,17:26:02,      00:31,457.5,  4.1,  691420, 4554608
   14053, 2015-02-24,17:26:02,      00:31,461.7,  4.1,  691548, 4554608
   14053, 2015-02-24,17:26:02,      00:32,461.7,  4.1,  691552, 4554608
   14053, 2015-02-24,17:26:03,      00:32,461.7,  4.1,  691556, 4554608
   14053, 2015-02-24,17:26:03,      00:32,456.9,  4.1,  691556, 4554608
   14053, 2015-02-24,17:26:03,      00:32,456.9,  4.1,  691576, 4554608
   14053, 2015-02-24,17:26:03,      00:32,456.9,  4.1,  691572, 4554608
   14053, 2015-02-24,17:26:03,      00:32,470.6,  4.1,  691576, 4554608
   14053, 2015-02-24,17:26:03,      00:32,470.6,  4.1,  691580, 4554608
   14053, 2015-02-24,17:26:03,      00:32,470.6,  4.1,  691580, 4554608
   14053, 2015-02-24,17:26:03,      00:32,458.5,  4.1,  691576, 4554608
   14053, 2015-02-24,17:26:03,      00:32,458.5,  4.1,  691576, 4554608
   14053, 2015-02-24,17:26:03,      00:32,458.5,  4.1,  691588, 4554608
   14053, 2015-02-24,17:26:03,      00:32,439.3,  4.1,  691668, 4554608
   14053, 2015-02-24,17:26:03,      00:32,439.3,  4.1,  691668, 4554608
   14053, 2015-02-24,17:26:03,      00:32,439.3,  4.1,  691676, 4554608
   14053, 2015-02-24,17:26:03,      00:32,437.2,  4.1,  691676, 4554608
   14053, 2015-02-24,17:26:03,      00:32,437.2,  4.1,  691676, 4554608
   14053, 2015-02-24,17:26:03,      00:32,437.2,  4.1,  691676, 4554608
   14053, 2015-02-24,17:26:03,      00:32,425.2,  4.1,  691856, 4554608
   14053, 2015-02-24,17:26:03,      00:32,425.2,  4.1,  693440, 4556192
   14053, 2015-02-24,17:26:03,      00:32,425.2,  4.1,  693144, 4555384
   14053, 2015-02-24,17:26:03,      00:32,449.8,  4.1,  693160, 4555384
   14053, 2015-02-24,17:26:03,      00:32,449.8,  4.1,  693160, 4555384
   14053, 2015-02-24,17:26:03,      00:32,449.8,  4.1,  693160, 4555384
   14053, 2015-02-24,17:26:03,      00:32,429.5,  4.1,  693160, 4555384
   14053, 2015-02-24,17:26:03,      00:33,429.5,  4.1,  693188, 4555384
   14053, 2015-02-24,17:26:04,      00:33,429.5,  4.1,  693188, 4555384
   14053, 2015-02-24,17:26:04,      00:33,434.0,  4.1,  693188, 4555384
   14053, 2015-02-24,17:26:04,      00:33,434.0,  4.1,  695008, 4557284
   14053, 2015-02-24,17:26:04,      00:33,459.8,  4.1,  696028, 4558316
   14053, 2015-02-24,17:26:04,      00:33,459.8,  4.2,  699628, 4561992
   14053, 2015-02-24,17:26:04,      00:33,459.8,  4.2,  704792, 4567020
   14053, 2015-02-24,17:26:04,      00:33,490.1,  4.2,  697512, 4559316
   14053, 2015-02-24,17:26:04,      00:33,490.1,  4.1,  695544, 4559640
   14053, 2015-02-24,17:26:04,      00:33,490.1,  4.2,  696440, 4560388
   14053, 2015-02-24,17:26:04,      00:33,531.1,  4.1,  695100, 4559024
   14053, 2015-02-24,17:26:04,      00:33,531.1,  4.1,  695560, 4559472
   14053, 2015-02-24,17:26:04,      00:33,531.1,  4.1,  695560, 4559472
   14053, 2015-02-24,17:26:04,      00:33,515.3,  4.2,  696792, 4560684
   14053, 2015-02-24,17:26:04,      00:33,515.3,  4.2,  698108, 4564028
   14053, 2015-02-24,17:26:04,      00:33,515.3,  4.2,  699544, 4565436
   14053, 2015-02-24,17:26:04,      00:33,502.4,  4.2,  699580, 4565436
   14053, 2015-02-24,17:26:04,      00:33,502.4,  4.2,  701188, 4567008
   14053, 2015-02-24,17:26:04,      00:33,502.4,  4.2,  700864, 4566616
   14053, 2015-02-24,17:26:04,      00:33,506.7,  4.2,  700868, 4566616
   14053, 2015-02-24,17:26:04,      00:33,506.7,  4.2,  700876, 4566616
   14053, 2015-02-24,17:26:04,      00:33,487.1,  4.1,  693580, 4559064
   14053, 2015-02-24,17:26:04,      00:33,487.1,  4.1,  693592, 4559064
   14053, 2015-02-24,17:26:05,      00:34,487.1,  4.1,  693592, 4559064
   14053, 2015-02-24,17:26:05,      00:34,485.2,  4.1,  693880, 4559368
   14053, 2015-02-24,17:26:05,      00:34,485.2,  4.1,  693880, 4559368
   14053, 2015-02-24,17:26:05,      00:34,485.2,  4.1,  693876, 4559368
   14053, 2015-02-24,17:26:05,      00:34,465.8,  4.1,  693880, 4559368
   14053, 2015-02-24,17:26:05,      00:34,465.8,  4.1,  693880, 4559368
   14053, 2015-02-24,17:26:05,      00:34,465.8,  4.1,  695120, 4560712
   14053, 2015-02-24,17:26:05,      00:34,465.8,  4.2,  697196, 4561300
   14053, 2015-02-24,17:26:05,      00:34,466.2,  4.1,  695212, 4557564
   14053, 2015-02-24,17:26:05,      00:34,466.2,  4.1,  695224, 4557564
   14053, 2015-02-24,17:26:05,      00:34,479.4,  4.1,  695664, 4558076
   14053, 2015-02-24,17:26:05,      00:34,479.4,  4.2,  698048, 4560488
   14053, 2015-02-24,17:26:05,      00:34,479.4,  4.2,  699964, 4562320
   14053, 2015-02-24,17:26:05,      00:34,479.4,  4.2,  702496, 4562320
   14053, 2015-02-24,17:26:05,      00:34,463.2,  4.2,  699792, 4559496
   14053, 2015-02-24,17:26:05,      00:34,463.2,  4.2,  699792, 4559496
   14053, 2015-02-24,17:26:05,      00:34,463.2,  4.2,  699796, 4559496
   14053, 2015-02-24,17:26:05,      00:34,496.8,  4.2,  699796, 4559496
   14053, 2015-02-24,17:26:05,      00:34,496.8,  4.2,  701796, 4561160
   14053, 2015-02-24,17:26:05,      00:34,496.8,  4.2,  703488, 4562800
   14053, 2015-02-24,17:26:05,      00:34,476.7,  4.2,  703492, 4562800
   14053, 2015-02-24,17:26:05,      00:34,476.7,  4.2,  704340, 4563648
   14053, 2015-02-24,17:26:05,      00:34,476.7,  4.2,  704380, 4563648
   14053, 2015-02-24,17:26:05,      00:34,492.6,  4.2,  705252, 4564520
   14053, 2015-02-24,17:26:05,      00:35,492.6,  4.2,  705960, 4565048
   14053, 2015-02-24,17:26:06,      00:35,492.6,  4.2,  706700, 4565780
   14053, 2015-02-24,17:26:06,      00:35,496.5,  4.2,  706704, 4565780
   14053, 2015-02-24,17:26:06,      00:35,496.5,  4.2,  707288, 4566360
   14053, 2015-02-24,17:26:06,      00:35,496.5,  4.2,  707060, 4566100
   14053, 2015-02-24,17:26:06,      00:35,488.1,  4.2,  707080, 4566100
   14053, 2015-02-24,17:26:06,      00:35,488.1,  4.2,  707084, 4566100
   14053, 2015-02-24,17:26:06,      00:35,488.1,  4.2,  697736, 4556528
   14053, 2015-02-24,17:26:06,      00:35,475.1,  4.2,  697764, 4556528
   14053, 2015-02-24,17:26:06,      00:35,475.1,  4.2,  697772, 4556528
   14053, 2015-02-24,17:26:06,      00:35,475.1,  4.2,  697772, 4556528
   14053, 2015-02-24,17:26:06,      00:35,460.1,  4.2,  697772, 4556528
   14053, 2015-02-24,17:26:06,      00:35,460.1,  4.2,  697832, 4556528
   14053, 2015-02-24,17:26:06,      00:35,460.1,  4.2,  697832, 4556528
   14053, 2015-02-24,17:26:06,      00:35,432.5,  4.2,  697848, 4556528
   14053, 2015-02-24,17:26:06,      00:35,432.5,  4.2,  697848, 4556528
   14053, 2015-02-24,17:26:06,      00:35,432.5,  4.2,  697848, 4556528
   14053, 2015-02-24,17:26:06,      00:35,431.1,  4.2,  697848, 4556528
   14053, 2015-02-24,17:26:06,      00:35,431.1,  4.2,  697848, 4556528
   14053, 2015-02-24,17:26:06,      00:35,431.1,  4.2,  697856, 4556528
   14053, 2015-02-24,17:26:06,      00:35,424.3,  4.2,  697856, 4556528
   14053, 2015-02-24,17:26:06,      00:35,424.3,  4.2,  697856, 4556528
   14053, 2015-02-24,17:26:06,      00:35,424.3,  4.2,  697856, 4556528
   14053, 2015-02-24,17:26:06,      00:35,419.7,  4.2,  697856, 4556528
   14053, 2015-02-24,17:26:07,      00:36,419.7,  4.2,  697856, 4556528
   14053, 2015-02-24,17:26:07,      00:36,419.7,  4.2,  697876, 4556528
   14053, 2015-02-24,17:26:07,      00:36,406.3,  4.2,  697908, 4556528
   14053, 2015-02-24,17:26:07,      00:36,406.3,  4.2,  698408, 4556528
   14053, 2015-02-24,17:26:07,      00:36,406.3,  4.2,  702884, 4559984
   14053, 2015-02-24,17:26:07,      00:36,436.2,  4.2,  698788, 4555804
   14053, 2015-02-24,17:26:07,      00:36,436.2,  4.2,  699756, 4556772
   14053, 2015-02-24,17:26:07,      00:36,436.2,  4.2,  698652, 4555560
   14053, 2015-02-24,17:26:07,      00:36,442.4,  4.2,  698652, 4555560
   14053, 2015-02-24,17:26:07,      00:36,442.4,  4.2,  698652, 4555560
   14053, 2015-02-24,17:26:07,      00:36,442.4,  4.2,  698652, 4555560
   14053, 2015-02-24,17:26:07,      00:36,394.7,  4.2,  698652, 4555560
   14053, 2015-02-24,17:26:07,      00:36,394.7,  4.2,  698656, 4555560
   14053, 2015-02-24,17:26:07,      00:36,394.7,  4.2,  698656, 4555560
   14053, 2015-02-24,17:26:07,      00:36,394.7,  4.2,  698656, 4555560
   14053, 2015-02-24,17:26:07,      00:36,360.3,  4.2,  698660, 4555560
   14053, 2015-02-24,17:26:07,      00:36,360.3,  4.2,  698660, 4555560
   14053, 2015-02-24,17:26:07,      00:36,360.3,  4.2,  698660, 4555560
   14053, 2015-02-24,17:26:07,      00:36,319.6,  4.2,  698660, 4555560
   14053, 2015-02-24,17:26:07,      00:36,319.6,  4.2,  698660, 4555560
   14053, 2015-02-24,17:26:07,      00:36,319.6,  4.2,  698660, 4555560
   14053, 2015-02-24,17:26:07,      00:36,319.6,  4.2,  698660, 4555560
   14053, 2015-02-24,17:26:07,      00:36,286.7,  4.2,  698660, 4555560
   14053, 2015-02-24,17:26:07,      00:36,286.7,  4.2,  698660, 4555560
   14053, 2015-02-24,17:26:07,      00:36,286.7,  4.2,  698664, 4555560
   14053, 2015-02-24,17:26:07,      00:36,286.7,  4.2,  698664, 4555560
   14053, 2015-02-24,17:26:07,      00:37,272.9,  4.2,  698708, 4555560
   14053, 2015-02-24,17:26:08,      00:37,272.9,  4.2,  698756, 4555560
   14053, 2015-02-24,17:26:08,      00:37,272.9,  4.2,  698752, 4555560
   14053, 2015-02-24,17:26:08,      00:37,303.6,  4.2,  698756, 4555560
   14053, 2015-02-24,17:26:08,      00:37,303.6,  4.2,  698756, 4555560
   14053, 2015-02-24,17:26:08,      00:37,303.6,  4.2,  698756, 4555560
   14053, 2015-02-24,17:26:08,      00:37,297.0,  4.2,  698756, 4555560
   14053, 2015-02-24,17:26:08,      00:37,297.0,  4.2,  698760, 4555560
   14053, 2015-02-24,17:26:08,      00:37,297.0,  4.2,  698760, 4555560
   14053, 2015-02-24,17:26:08,      00:37,297.0,  4.2,  698760, 4555560
   14053, 2015-02-24,17:26:08,      00:37,287.8,  4.2,  698760, 4555560
   14053, 2015-02-24,17:26:08,      00:37,287.8,  4.2,  698768, 4555560
   14053, 2015-02-24,17:26:08,      00:37,287.8,  4.2,  698768, 4555560
   14053, 2015-02-24,17:26:08,      00:37,331.7,  4.2,  698768, 4555560
   14053, 2015-02-24,17:26:08,      00:37,331.7,  4.2,  698768, 4555560
   14053, 2015-02-24,17:26:08,      00:37,331.7,  4.2,  698776, 4555560
   14053, 2015-02-24,17:26:08,      00:37,356.5,  4.2,  698776, 4555560
   14053, 2015-02-24,17:26:08,      00:37,356.5,  4.2,  698776, 4555560
   14053, 2015-02-24,17:26:08,      00:37,356.5,  4.2,  698776, 4555560
   14053, 2015-02-24,17:26:08,      00:37,372.6,  4.2,  698776, 4555560
   14053, 2015-02-24,17:26:08,      00:37,372.6,  4.2,  698776, 4555560
   14053, 2015-02-24,17:26:08,      00:37,395.6,  4.2,  698776, 4555560
   14053, 2015-02-24,17:26:08,      00:37,395.6,  4.2,  698776, 4555560
   14053, 2015-02-24,17:26:08,      00:37,395.6,  4.2,  698776, 4555560
   14053, 2015-02-24,17:26:08,      00:37,396.9,  4.2,  698776, 4555560
   14053, 2015-02-24,17:26:08,      00:38,396.9,  4.2,  698776, 4555560
   14053, 2015-02-24,17:26:09,      00:38,396.9,  4.2,  698776, 4555560
   14053, 2015-02-24,17:26:09,      00:38,402.6,  4.2,  698776, 4555560
   14053, 2015-02-24,17:26:09,      00:38,402.6,  4.2,  698776, 4555560
   14053, 2015-02-24,17:26:09,      00:38,402.6,  4.2,  698776, 4555560
   14053, 2015-02-24,17:26:09,      00:38,401.3,  4.2,  698784, 4555560
   14053, 2015-02-24,17:26:09,      00:38,401.3,  4.2,  698788, 4555560
   14053, 2015-02-24,17:26:09,      00:38,401.3,  4.2,  698788, 4555560
   14053, 2015-02-24,17:26:09,      00:38,399.6,  4.2,  698788, 4555560
   14053, 2015-02-24,17:26:09,      00:38,399.6,  4.2,  698788, 4555560
   14053, 2015-02-24,17:26:09,      00:38,399.6,  4.2,  698792, 4555560
   14053, 2015-02-24,17:26:09,      00:38,407.5,  4.2,  698788, 4555560
   14053, 2015-02-24,17:26:09,      00:38,407.5,  4.2,  698796, 4555560
   14053, 2015-02-24,17:26:09,      00:38,407.5,  4.2,  698796, 4555560
   14053, 2015-02-24,17:26:09,      00:38,399.1,  4.2,  698796, 4555560
   14053, 2015-02-24,17:26:09,      00:38,399.1,  4.2,  698796, 4555560
   14053, 2015-02-24,17:26:09,      00:38,399.1,  4.2,  698796, 4555560
   14053, 2015-02-24,17:26:09,      00:38,409.6,  4.2,  698796, 4555560
   14053, 2015-02-24,17:26:09,      00:38,409.6,  4.2,  698796, 4555560
   14053, 2015-02-24,17:26:09,      00:38,409.6,  4.2,  698932, 4555560
   14053, 2015-02-24,17:26:09,      00:38,418.3,  4.2,  698932, 4555560
   14053, 2015-02-24,17:26:09,      00:38,418.3,  4.2,  698932, 4555560
   14053, 2015-02-24,17:26:09,      00:38,418.3,  4.2,  698940, 4555560
   14053, 2015-02-24,17:26:09,      00:39,420.3,  4.2,  698940, 4555560
   14053, 2015-02-24,17:26:10,      00:39,420.3,  4.2,  698940, 4555560
   14053, 2015-02-24,17:26:10,      00:39,420.3,  4.2,  698956, 4555560
   14053, 2015-02-24,17:26:10,      00:39,414.8,  4.2,  698956, 4555560
   14053, 2015-02-24,17:26:10,      00:39,414.8,  4.2,  698956, 4555560
   14053, 2015-02-24,17:26:10,      00:39,414.8,  4.2,  699000, 4555560
   14053, 2015-02-24,17:26:10,      00:39,412.9,  4.2,  699008, 4555560
   14053, 2015-02-24,17:26:10,      00:39,412.9,  4.2,  699012, 4555560
   14053, 2015-02-24,17:26:10,      00:39,414.1,  4.2,  699012, 4555560
   14053, 2015-02-24,17:26:10,      00:39,414.1,  4.2,  699044, 4555560
   14053, 2015-02-24,17:26:10,      00:39,414.1,  4.2,  699044, 4555560
   14053, 2015-02-24,17:26:10,      00:39,413.5,  4.2,  699044, 4555560
   14053, 2015-02-24,17:26:10,      00:39,413.5,  4.2,  699056, 4555560
   14053, 2015-02-24,17:26:10,      00:39,413.5,  4.2,  699056, 4555560
   14053, 2015-02-24,17:26:10,      00:39,416.3,  4.2,  699056, 4555560
   14053, 2015-02-24,17:26:10,      00:39,416.3,  4.2,  699056, 4555560
   14053, 2015-02-24,17:26:10,      00:39,416.3,  4.2,  699056, 4555560
   14053, 2015-02-24,17:26:10,      00:39,413.6,  4.2,  699056, 4555560
   14053, 2015-02-24,17:26:10,      00:39,413.6,  4.2,  699056, 4555560
   14053, 2015-02-24,17:26:10,      00:39,413.6,  4.2,  699056, 4555560
   14053, 2015-02-24,17:26:10,      00:39,415.9,  4.2,  699052, 4555560
   14053, 2015-02-24,17:26:10,      00:39,415.9,  4.2,  699052, 4555560
   14053, 2015-02-24,17:26:10,      00:39,415.9,  4.2,  699060, 4555560
   14053, 2015-02-24,17:26:10,      00:40,411.1,  4.2,  699060, 4555560
   14053, 2015-02-24,17:26:11,      00:40,411.1,  4.2,  699060, 4555560
   14053, 2015-02-24,17:26:11,      00:40,411.1,  4.2,  699068, 4555560
   14053, 2015-02-24,17:26:11,      00:40,409.4,  4.2,  699068, 4555560
   14053, 2015-02-24,17:26:11,      00:40,409.4,  4.2,  699068, 4555560
   14053, 2015-02-24,17:26:11,      00:40,422.9,  4.2,  699140, 4555560
   14053, 2015-02-24,17:26:11,      00:40,422.9,  4.2,  699140, 4555560
   14053, 2015-02-24,17:26:11,      00:40,422.9,  4.2,  699140, 4555560
   14053, 2015-02-24,17:26:11,      00:40,410.4,  4.2,  699256, 4555560
   14053, 2015-02-24,17:26:11,      00:40,410.4,  4.2,  699268, 4555560
   14053, 2015-02-24,17:26:11,      00:40,410.4,  4.2,  699268, 4555560
   14053, 2015-02-24,17:26:11,      00:40,416.0,  4.2,  699292, 4555560
   14053, 2015-02-24,17:26:11,      00:40,416.0,  4.2,  699292, 4555560
   14053, 2015-02-24,17:26:11,      00:40,412.6,  4.2,  699292, 4555560
   14053, 2015-02-24,17:26:11,      00:40,412.6,  4.2,  699296, 4555560
   14053, 2015-02-24,17:26:11,      00:40,412.6,  4.2,  699320, 4555560
   14053, 2015-02-24,17:26:11,      00:40,433.3,  4.2,  699328, 4555560
   14053, 2015-02-24,17:26:11,      00:40,433.3,  4.2,  699328, 4555560
   14053, 2015-02-24,17:26:11,      00:40,433.3,  4.2,  699328, 4555560
   14053, 2015-02-24,17:26:11,      00:40,425.3,  4.2,  699332, 4555560
   14053, 2015-02-24,17:26:11,      00:40,425.3,  4.2,  699332, 4555560
   14053, 2015-02-24,17:26:11,      00:40,425.3,  4.2,  699336, 4555560
   14053, 2015-02-24,17:26:11,      00:41,418.2,  4.2,  699336, 4555560
   14053, 2015-02-24,17:26:12,      00:41,418.2,  4.2,  699340, 4555560
   14053, 2015-02-24,17:26:12,      00:41,417.0,  4.2,  699340, 4555560
   14053, 2015-02-24,17:26:12,      00:41,417.0,  4.2,  699340, 4555560
   14053, 2015-02-24,17:26:12,      00:41,417.0,  4.2,  699340, 4555560
   14053, 2015-02-24,17:26:12,      00:41,419.0,  4.2,  699340, 4555560
   14053, 2015-02-24,17:26:12,      00:41,408.4,  4.2,  699340, 4555560
   14053, 2015-02-24,17:26:12,      00:41,408.4,  4.2,  699340, 4555560
   14053, 2015-02-24,17:26:12,      00:41,423.4,  4.2,  699336, 4555560
   14053, 2015-02-24,17:26:12,      00:41,423.4,  4.2,  699340, 4555560
   14053, 2015-02-24,17:26:12,      00:41,423.4,  4.2,  699340, 4555560
   14053, 2015-02-24,17:26:12,      00:41,415.7,  4.2,  699336, 4555560
   14053, 2015-02-24,17:26:12,      00:41,415.7,  4.2,  699340, 4555560
   14053, 2015-02-24,17:26:12,      00:41,411.8,  4.2,  699340, 4555560
   14053, 2015-02-24,17:26:12,      00:41,411.8,  4.2,  699344, 4555560
   14053, 2015-02-24,17:26:12,      00:41,411.8,  4.2,  699344, 4555560
   14053, 2015-02-24,17:26:12,      00:41,413.8,  4.2,  699344, 4555560
   14053, 2015-02-24,17:26:12,      00:41,413.8,  4.2,  699344, 4555560
   14053, 2015-02-24,17:26:12,      00:41,413.8,  4.2,  699352, 4555560
   14053, 2015-02-24,17:26:12,      00:41,421.1,  4.2,  699348, 4555560
   14053, 2015-02-24,17:26:12,      00:41,421.1,  4.2,  699360, 4555560
   14053, 2015-02-24,17:26:12,      00:42,420.3,  4.2,  699360, 4555560
   14053, 2015-02-24,17:26:13,      00:42,420.3,  4.2,  699360, 4555560
   14053, 2015-02-24,17:26:13,      00:42,420.3,  4.2,  699360, 4555560
   14053, 2015-02-24,17:26:13,      00:42,409.4,  4.2,  699360, 4555560
   14053, 2015-02-24,17:26:13,      00:42,409.4,  4.2,  699360, 4555560
   14053, 2015-02-24,17:26:13,      00:42,409.4,  4.2,  699360, 4555560
   14053, 2015-02-24,17:26:13,      00:42,414.5,  4.2,  699364, 4555560
   14053, 2015-02-24,17:26:13,      00:42,414.5,  4.2,  699368, 4555560
   14053, 2015-02-24,17:26:13,      00:42,414.5,  4.2,  699368, 4555560
   14053, 2015-02-24,17:26:13,      00:42,398.4,  4.2,  699368, 4555560
   14053, 2015-02-24,17:26:13,      00:42,398.4,  4.2,  699368, 4555560
   14053, 2015-02-24,17:26:13,      00:42,398.4,  4.2,  699376, 4555560
   14053, 2015-02-24,17:26:13,      00:42,405.0,  4.2,  699376, 4555560
   14053, 2015-02-24,17:26:13,      00:42,405.0,  4.2,  699388, 4555560
   14053, 2015-02-24,17:26:13,      00:42,405.6,  4.2,  699388, 4555560
   14053, 2015-02-24,17:26:13,      00:42,405.6,  4.2,  699396, 4555560
   14053, 2015-02-24,17:26:13,      00:42,405.6,  4.2,  699412, 4555560
   14053, 2015-02-24,17:26:13,      00:42,406.2,  4.2,  699412, 4555560
   14053, 2015-02-24,17:26:13,      00:42,406.2,  4.2,  699412, 4555560
   14053, 2015-02-24,17:26:13,      00:42,406.2,  4.2,  699412, 4555560
   14053, 2015-02-24,17:26:13,      00:42,409.1,  4.2,  699424, 4555560
   14053, 2015-02-24,17:26:13,      00:42,409.1,  4.2,  699424, 4555560
   14053, 2015-02-24,17:26:13,      00:43,409.1,  4.2,  699424, 4555560
   14053, 2015-02-24,17:26:14,      00:43,411.4,  4.2,  699424, 4555560
   14053, 2015-02-24,17:26:14,      00:43,411.4,  4.2,  699424, 4555560
   14053, 2015-02-24,17:26:14,      00:43,411.4,  4.2,  699424, 4555560
   14053, 2015-02-24,17:26:14,      00:43,394.1,  4.2,  699424, 4555560
   14053, 2015-02-24,17:26:14,      00:43,394.1,  4.2,  699428, 4555560
   14053, 2015-02-24,17:26:14,      00:43,394.1,  4.2,  699428, 4555560
   14053, 2015-02-24,17:26:14,      00:43,405.4,  4.2,  699428, 4555560
   14053, 2015-02-24,17:26:14,      00:43,405.4,  4.2,  699428, 4555560
   14053, 2015-02-24,17:26:14,      00:43,405.4,  4.2,  699428, 4555560
   14053, 2015-02-24,17:26:14,      00:43,403.7,  4.2,  699440, 4555560
   14053, 2015-02-24,17:26:14,      00:43,403.7,  4.2,  699484, 4555560
   14053, 2015-02-24,17:26:14,      00:43,410.9,  4.2,  699496, 4555560
   14053, 2015-02-24,17:26:14,      00:43,410.9,  4.2,  699496, 4555560
   14053, 2015-02-24,17:26:14,      00:43,410.9,  4.2,  699500, 4555560
   14053, 2015-02-24,17:26:14,      00:43,409.3,  4.2,  699500, 4555560
   14053, 2015-02-24,17:26:14,      00:43,409.3,  4.2,  699500, 4555560
   14053, 2015-02-24,17:26:14,      00:43,409.3,  4.2,  699516, 4555560
   14053, 2015-02-24,17:26:14,      00:43,411.2,  4.2,  699568, 4555560
   14053, 2015-02-24,17:26:14,      00:43,411.2,  4.2,  699568, 4555560
   14053, 2015-02-24,17:26:14,      00:43,411.2,  4.2,  699592, 4555560
   14053, 2015-02-24,17:26:14,      00:43,411.8,  4.2,  699592, 4555560
   14053, 2015-02-24,17:26:14,      00:43,411.8,  4.2,  699592, 4555560
   14053, 2015-02-24,17:26:15,      00:44,410.3,  4.2,  699592, 4555560
   14053, 2015-02-24,17:26:15,      00:44,410.3,  4.2,  699628, 4555560
   14053, 2015-02-24,17:26:15,      00:44,410.3,  4.2,  699632, 4555560
   14053, 2015-02-24,17:26:15,      00:44,411.3,  4.2,  699632, 4555560
   14053, 2015-02-24,17:26:15,      00:44,411.3,  4.2,  699660, 4555560
   14053, 2015-02-24,17:26:15,      00:44,411.3,  4.2,  699660, 4555560
   14053, 2015-02-24,17:26:15,      00:44,409.5,  4.2,  699668, 4555560
   14053, 2015-02-24,17:26:15,      00:44,409.5,  4.2,  699696, 4555560
   14053, 2015-02-24,17:26:15,      00:44,417.2,  4.2,  699728, 4555560
   14053, 2015-02-24,17:26:15,      00:44,417.2,  4.2,  699728, 4555560
   14053, 2015-02-24,17:26:15,      00:44,417.2,  4.2,  699752, 4555560
   14053, 2015-02-24,17:26:15,      00:44,409.7,  4.2,  699752, 4555560
   14053, 2015-02-24,17:26:15,      00:44,409.7,  4.2,  699756, 4555560
   14053, 2015-02-24,17:26:15,      00:44,404.1,  4.2,  699780, 4555560
   14053, 2015-02-24,17:26:15,      00:44,404.1,  4.2,  699932, 4555560
   14053, 2015-02-24,17:26:15,      00:44,404.1,  4.2,  699932, 4555560
   14053, 2015-02-24,17:26:15,      00:44,408.3,  4.2,  699932, 4555560
   14053, 2015-02-24,17:26:15,      00:44,408.3,  4.2,  700016, 4555560
   14053, 2015-02-24,17:26:15,      00:44,408.3,  4.2,  700040, 4555560
   14053, 2015-02-24,17:26:15,      00:44,409.1,  4.2,  700040, 4555560
   14053, 2015-02-24,17:26:15,      00:44,409.1,  4.2,  700056, 4555560
   14053, 2015-02-24,17:26:15,      00:44,409.1,  4.2,  700172, 4555560
   14053, 2015-02-24,17:26:16,      00:45,412.9,  4.2,  700184, 4555560
   14053, 2015-02-24,17:26:16,      00:45,412.9,  4.2,  700184, 4555560
   14053, 2015-02-24,17:26:16,      00:45,412.9,  4.2,  700240, 4555560
   14053, 2015-02-24,17:26:16,      00:45,406.2,  4.2,  700240, 4555560
   14053, 2015-02-24,17:26:16,      00:45,406.2,  4.2,  700308, 4555560
   14053, 2015-02-24,17:26:16,      00:45,406.2,  4.2,  700324, 4555560
   14053, 2015-02-24,17:26:16,      00:45,411.3,  4.2,  700376, 4555560
   14053, 2015-02-24,17:26:16,      00:45,411.3,  4.2,  700376, 4555560
   14053, 2015-02-24,17:26:16,      00:45,411.3,  4.2,  700376, 4555560
   14053, 2015-02-24,17:26:16,      00:45,409.9,  4.2,  700384, 4555560
   14053, 2015-02-24,17:26:16,      00:45,409.9,  4.2,  700408, 4555560
   14053, 2015-02-24,17:26:16,      00:45,409.9,  4.2,  700408, 4555560
   14053, 2015-02-24,17:26:16,      00:45,403.4,  4.2,  700408, 4555560
   14053, 2015-02-24,17:26:16,      00:45,403.4,  4.2,  700416, 4555560
   14053, 2015-02-24,17:26:16,      00:45,403.4,  4.2,  700416, 4555560
   14053, 2015-02-24,17:26:16,      00:45,402.5,  4.2,  700416, 4555560
   14053, 2015-02-24,17:26:16,      00:45,402.5,  4.2,  700424, 4555560
   14053, 2015-02-24,17:26:16,      00:45,402.5,  4.2,  700424, 4555560
   14053, 2015-02-24,17:26:16,      00:45,396.6,  4.2,  700424, 4555560
   14053, 2015-02-24,17:26:16,      00:45,396.6,  4.2,  700440, 4555560
   14053, 2015-02-24,17:26:16,      00:45,396.6,  4.2,  700444, 4555560
   14053, 2015-02-24,17:26:16,      00:45,390.4,  4.2,  700456, 4555560
   14053, 2015-02-24,17:26:16,      00:46,390.4,  4.2,  700460, 4555560
   14053, 2015-02-24,17:26:17,      00:46,396.6,  4.2,  700468, 4555560
   14053, 2015-02-24,17:26:17,      00:46,396.6,  4.2,  700484, 4555560
   14053, 2015-02-24,17:26:17,      00:46,396.6,  4.2,  700640, 4554524
   14053, 2015-02-24,17:26:17,      00:46,396.6,  4.2,  700640, 4554524
   14053, 2015-02-24,17:26:17,      00:46,287.5,  4.2,  700640, 4554524
   14053, 2015-02-24,17:26:17,      00:46,287.5,  4.2,  700640, 4554524
   14053, 2015-02-24,17:26:17,      00:46,287.5,  4.2,  700640, 4554524
   14053, 2015-02-24,17:26:17,      00:46,287.5,  4.2,  700640, 4554524
   14053, 2015-02-24,17:26:17,      00:46,179.4,  4.2,  700640, 4554524
   14053, 2015-02-24,17:26:17,      00:46,179.4,  4.2,  700640, 4554524
   14053, 2015-02-24,17:26:17,      00:46,179.4,  4.2,  700640, 4554524
   14053, 2015-02-24,17:26:17,      00:46,179.4,  4.2,  700640, 4554524
   14053, 2015-02-24,17:26:17,      00:46,179.4,  4.2,  700640, 4554524
   14053, 2015-02-24,17:26:17,      00:46,111.7,  4.2,  700640, 4554524
   14053, 2015-02-24,17:26:17,      00:46,111.7,  4.2,  700640, 4554524
   14053, 2015-02-24,17:26:17,      00:46,  0.0,  0.0,       0,       0
   14053, 2015-02-24,17:26:17,      00:46,  0.0,  0.0,       0,       0
